 7 3 1 0 1 2 3 4 5 6 7
 1 37 42 1 5 3 2 7 3 0
 0 -2 37 0 1 36 0 1 31 0 -2 26 0 2 18 0 -2 10 0 -2 37 0 1 34 0 1 29 0 -2 24 0 2
 16 0 -2 7 0 1 35 0 1 33 0 -2 28 0 -2 22 0 2 14 0 -2 6 0 1 32 0 1 30 0 -2 28 0 -2
 20 0 2 12 0 -2 3 0 -2 27 0 -2 25 0 -2 23 0 -2 21 0 4 11 0 -4 2 0 2 19 0 2 17 0
 2 15 0 2 13 0 -4 11 0 4 1 0 -2 9 0 -2 8 0 -2 5 0 -2 4 0 4 2 0 -4 1
 37 139 185 43 4 2 2 5 3 2
 1 -1 12 2 -1 9 3 -1 6 4 -1 4 5 1 1 1 -1 24 2 -1 21 3 -1 18 4 -1 16 6 1 1 1 -1
 37 2 -1 30 3 -2 26 5 1 14 6 -1 2 1 -1 39 2 -1 31 3 -2 28 5 1 15 6 -1 3 1 -1 52
 2 -1 46 4 -2 28 5 1 19 6 -1 7 1 -1 48 2 -1 41 4 -2 26 5 1 17 6 -1 5 1 -2 53 3 -1
 43 4 -1 33 5 1 20 6 -1 8 1 -2 55 3 -1 44 4 -1 34 5 1 22 6 -1 10 2 -2 55 3 -1 51
 4 -1 40 5 1 25 6 -1 13 2 -2 53 3 -1 47 4 -1 36 5 1 23 6 -1 11 1 -1 66 2 -1 63 3
 -1 60 4 -1 58 7 1 1 1 -1 82 2 -1 72 3 -2 68 5 1 56 7 -1 2 1 -1 78 2 -1 73 3 -2
 70 5 1 57 7 -1 3 1 -1 92 2 -1 83 4 -2 68 5 1 59 7 -1 5 1 -1 90 2 -1 88 4 -2 70
 5 1 61 7 -1 7 1 -2 95 3 -1 85 4 -1 75 5 1 62 7 -1 8 1 -2 97 3 -1 86 4 -1 76 5 1
 64 7 -1 10 2 -2 95 3 -1 91 4 -1 81 5 1 65 7 -1 11 2 -2 97 3 -1 89 4 -1 79 5 1
 67 7 -1 13 1 -1 107 2 -1 102 3 -2 98 6 1 56 7 -1 14 1 -1 109 2 -1 103 3 -2 100
 6 1 57 7 -1 15 1 -1 123 2 -1 113 4 -2 98 6 1 59 7 -1 17 1 -1 121 2 -1 118 4 -2
 100 6 1 61 7 -1 19 1 -2 125 3 -1 115 4 -1 105 6 1 62 7 -1 20 1 -2 127 3 -1 116
 4 -1 106 6 1 64 7 -1 22 2 -2 125 3 -1 122 4 -1 112 6 1 65 7 -1 23 2 -2 127 3 -1
 120 4 -1 110 6 1 67 7 -1 25 1 -2 131 2 -2 129 5 1 99 6 -1 69 7 1 27 1 -2 136 3
 -2 130 5 1 101 6 -1 71 7 1 29 1 -2 135 3 -2 128 5 1 104 6 -1 74 7 1 32 2 -2 136
 3 -2 133 5 1 111 6 -1 80 7 1 35 2 -2 135 3 -2 132 5 1 108 6 -1 77 7 1 38 1 -2
 138 4 -2 128 5 1 114 6 -1 84 7 1 42 1 -2 137 4 -2 130 5 1 117 6 -1 87 7 1 45 2
 -2 138 4 -2 132 5 1 124 6 -1 93 7 1 49 2 -2 137 4 -2 133 5 1 119 6 -1 94 7 1 50
 3 -2 139 4 -2 134 5 1 126 6 -1 96 7 1 54
 139 175 556 228 3 1 2 4 2 2
 1 1 11 2 1 7 3 1 5 4 1 3 1 -1 25 2 -1 16 3 -2 13 5 1 2 1 -1 26 2 -1 17 3 -2 14
 5 1 1 1 -1 27 2 -1 19 3 0 11 5 1 3 1 -1 38 2 -1 30 4 -2 13 5 1 4 1 -1 39 2 -1
 32 4 0 11 5 1 5 1 -1 43 2 -1 35 4 -2 14 5 1 6 1 -2 44 3 -1 31 4 -1 18 5 1 9 1 0
 11 3 1 32 4 1 19 5 1 7 1 -2 45 3 -1 34 4 -1 20 5 1 8 2 -2 44 3 -1 37 4 -1 23 5
 1 10 2 0 11 3 1 39 4 1 27 5 1 11 2 -2 45 3 -1 41 4 -1 28 5 1 12 1 -1 60 2 -1 52
 3 -2 48 6 1 2 1 -1 61 2 -1 53 3 -2 49 6 1 1 1 -1 62 2 -1 55 3 0 11 6 1 3 1 -1
 74 2 -1 65 4 -2 48 6 1 4 1 -1 75 2 -1 68 4 0 11 6 1 5 1 -1 77 2 -1 70 4 -2 49 6
 1 6 1 -2 79 3 -1 67 4 -1 54 6 1 9 1 0 11 3 1 68 4 1 55 6 1 7 1 -2 80 3 -1 69 4
 -1 56 6 1 8 2 -2 79 3 -1 73 4 -1 59 6 1 10 2 0 11 3 1 75 4 1 62 6 1 11 2 -2 80
 3 -1 76 4 -1 63 6 1 12 1 1 86 2 1 81 5 -1 48 6 1 13 1 -2 89 2 -2 83 5 1 47 6 -1
 15 1 1 90 2 1 85 5 -1 49 6 1 14 1 -2 91 3 -2 84 5 1 50 6 -1 21 1 0 11 3 -2 81 5
 -1 52 6 1 16 1 0 11 3 -2 85 5 -1 53 6 1 17 1 -2 94 3 -2 82 5 1 51 6 -1 22 1 -2
 92 3 0 11 5 -1 54 6 1 18 1 -2 95 3 0 11 5 -1 56 6 1 20 2 -2 91 3 -2 88 5 1 57 6
 -1 24 2 -2 92 3 0 11 5 -1 59 6 1 23 2 0 11 3 -2 86 5 -1 60 6 1 25 2 -2 94 3 -2
 87 5 1 58 6 -1 29 2 0 11 3 -2 90 5 -1 61 6 1 26 2 -2 95 3 0 11 5 -1 63 6 1 28 1
 0 11 4 -2 81 5 -1 65 6 1 30 1 -2 98 4 -2 82 5 1 64 6 -1 33 1 -2 96 4 0 11 5 -1
 67 6 1 31 1 -2 100 4 0 11 5 -1 69 6 1 34 1 -2 97 4 -2 84 5 1 66 6 -1 36 1 0 11
 4 -2 85 5 -1 70 6 1 35 2 -2 96 4 0 11 5 -1 73 6 1 37 2 0 11 4 -2 86 5 -1 74 6 1
 38 2 -2 98 4 -2 87 5 1 71 6 -1 40 2 -2 97 4 -2 88 5 1 72 6 -1 42 2 -2 100 4 0
 11 5 -1 76 6 1 41 2 0 11 4 -2 90 5 -1 77 6 1 43 3 1 96 4 1 92 5 -1 79 6 1 44 3
 -2 99 4 -2 93 5 1 78 6 -1 46 3 1 100 4 1 95 5 -1 80 6 1 45 1 -1 114 2 -1 106 3
 -2 101 7 1 2 1 -1 115 2 -1 107 3 -2 103 7 1 1 1 -1 116 2 -1 109 3 0 11 7 1 3 1
 -1 128 2 -1 119 4 -2 101 7 1 4 1 -1 129 2 -1 122 4 0 11 7 1 5 1 -1 131 2 -1 124
 4 -2 103 7 1 6 1 -2 132 3 -1 121 4 -1 108 7 1 9 1 0 11 3 1 122 4 1 109 7 1 7 1
 -2 134 3 -1 123 4 -1 110 7 1 8 2 -2 132 3 -1 127 4 -1 113 7 1 10 2 0 11 3 1 129
 4 1 116 7 1 11 2 -2 134 3 -1 130 4 -1 117 7 1 12 1 1 140 2 1 135 5 -1 101 7 1
 13 1 -2 143 2 -2 137 5 1 102 7 -1 15 1 1 144 2 1 139 5 -1 103 7 1 14 1 -2 145 3
 -2 138 5 1 104 7 -1 21 1 0 11 3 -2 135 5 -1 106 7 1 16 1 0 11 3 -2 139 5 -1 107
 7 1 17 1 -2 148 3 -2 136 5 1 105 7 -1 22 1 -2 146 3 0 11 5 -1 108 7 1 18 1 -2
 149 3 0 11 5 -1 110 7 1 20 2 -2 148 3 -2 141 5 1 112 7 -1 29 2 0 11 3 -2 144 5
 -1 115 7 1 26 2 -2 149 3 0 11 5 -1 117 7 1 28 2 -2 145 3 -2 142 5 1 111 7 -1 24
 2 -2 146 3 0 11 5 -1 113 7 1 23 2 0 11 3 -2 140 5 -1 114 7 1 25 1 0 11 4 -2 135
 5 -1 119 7 1 30 1 -2 152 4 -2 136 5 1 118 7 -1 33 1 -2 150 4 0 11 5 -1 121 7 1
 31 1 -2 154 4 0 11 5 -1 123 7 1 34 1 -2 151 4 -2 138 5 1 120 7 -1 36 1 0 11 4 -2
 139 5 -1 124 7 1 35 2 -2 154 4 0 11 5 -1 130 7 1 41 2 0 11 4 -2 144 5 -1 131 7
 1 43 2 -2 150 4 0 11 5 -1 127 7 1 37 2 0 11 4 -2 140 5 -1 128 7 1 38 2 -2 152 4
 -2 141 5 1 125 7 -1 40 2 -2 151 4 -2 142 5 1 126 7 -1 42 3 1 150 4 1 146 5 -1
 132 7 1 44 3 -2 153 4 -2 147 5 1 133 7 -1 46 3 1 154 4 1 149 5 -1 134 7 1 45 1
 1 160 2 1 155 6 -1 101 7 1 48 1 -2 163 2 -2 157 6 1 102 7 -1 47 1 1 164 2 1 159
 6 -1 103 7 1 49 1 -2 165 3 -2 158 6 1 104 7 -1 50 1 0 11 3 -2 155 6 -1 106 7 1
 52 1 0 11 3 -2 159 6 -1 107 7 1 53 1 -2 168 3 -2 156 6 1 105 7 -1 51 1 -2 166 3
 0 11 6 -1 108 7 1 54 1 -2 169 3 0 11 6 -1 110 7 1 56 2 0 11 3 -2 160 6 -1 114 7
 1 60 2 -2 168 3 -2 161 6 1 112 7 -1 58 2 0 11 3 -2 164 6 -1 115 7 1 61 2 -2 169
 3 0 11 6 -1 117 7 1 63 2 -2 165 3 -2 162 6 1 111 7 -1 57 2 -2 166 3 0 11 6 -1
 113 7 1 59 1 0 11 4 -2 155 6 -1 119 7 1 65 1 -2 172 4 -2 156 6 1 118 7 -1 64 1
 -2 170 4 0 11 6 -1 121 7 1 67 1 -2 174 4 0 11 6 -1 123 7 1 69 1 -2 171 4 -2 158
 6 1 120 7 -1 66 1 0 11 4 -2 159 6 -1 124 7 1 70 2 -2 171 4 -2 162 6 1 126 7 -1
 72 2 -2 174 4 0 11 6 -1 130 7 1 76 2 0 11 4 -2 164 6 -1 131 7 1 77 2 -2 170 4 0
 11 6 -1 127 7 1 73 2 0 11 4 -2 160 6 -1 128 7 1 74 2 -2 172 4 -2 161 6 1 125 7
 -1 71 3 1 170 4 1 166 6 -1 132 7 1 79 3 -2 173 4 -2 167 6 1 133 7 -1 78 3 1 174
 4 1 169 6 -1 134 7 1 80 1 -2 175 5 -1 156 6 1 136 7 -1 82 1 0 11 5 -1 157 6 1
 137 7 -1 83 1 2 175 5 -1 158 6 1 138 7 -1 84 2 0 11 5 -1 163 6 1 143 7 -1 89 2
 -2 175 5 -1 161 6 1 141 7 -1 87 2 2 175 5 -1 162 6 1 142 7 -1 88 3 0 11 5 -1
 167 6 1 147 7 -1 93 3 2 175 5 -1 168 6 1 148 7 -1 94 3 -2 175 5 -1 165 6 1 145
 7 -1 91 4 -2 175 5 -1 171 6 1 151 7 -1 97 4 2 175 5 -1 172 6 1 152 7 -1 98 4 0
 11 5 -1 173 6 1 153 7 -1 99
 175 77 525 784 2 0 2 3 1 2
 1 1 5 2 1 2 3 -2 1 1 1 7 2 1 3 3 -2 1 1 -1 6 2 -1 4 3 0 5 1 1 11 2 1 8 4 -2 1 1
 -1 13 2 -1 10 4 0 5 1 1 12 2 1 9 4 -2 1 1 0 5 3 1 10 4 1 4 1 -2 14 3 1 8 4 1 3
 1 -2 14 3 1 9 4 1 2 2 -2 14 3 1 12 4 1 5 2 0 5 3 1 13 4 1 6 2 -2 14 3 1 11 4 1
 7 1 1 24 2 1 19 5 -1 1 1 1 21 2 1 18 5 -1 1 1 -2 22 2 -2 16 5 1 1 1 0 5 3 -2 19
 5 1 3 1 0 5 3 -2 18 5 1 2 1 -2 29 3 0 5 5 1 2 1 0 5 3 0 5 5 -1 4 1 -2 27 3 0 5
 5 1 3 1 -2 25 3 -2 17 5 1 2 1 -2 28 3 -2 15 5 1 3 2 -2 29 3 0 5 5 1 5 2 -2 25 3
 -2 23 5 1 5 2 0 5 3 -2 24 5 1 7 2 0 5 3 -2 21 5 1 5 2 0 5 3 0 5 5 -1 6 2 -2 27
 3 0 5 5 1 7 2 -2 28 3 -2 20 5 1 7 1 0 5 4 -2 19 5 1 8 1 -2 34 4 0 5 5 1 9 1 0 5
 4 0 5 5 -1 10 1 -2 32 4 -2 15 5 1 8 1 -2 33 4 0 5 5 1 8 1 0 5 4 -2 18 5 1 9 1 -2
 31 4 -2 17 5 1 9 2 -2 34 4 0 5 5 1 12 2 0 5 4 -2 24 5 1 11 2 0 5 4 0 5 5 -1 13
 2 -2 32 4 -2 20 5 1 11 2 -2 33 4 0 5 5 1 11 2 -2 31 4 -2 23 5 1 12 2 0 5 4 -2
 21 5 1 12 3 1 34 4 1 29 5 -1 14 3 1 33 4 1 27 5 -1 14 3 -2 30 4 -2 26 5 1 14 1
 -2 42 2 -2 35 6 1 1 1 1 44 2 1 39 6 -1 1 1 1 40 2 1 38 6 -1 1 1 -2 46 3 -2 37 6
 1 2 1 -2 48 3 -2 36 6 1 3 1 0 5 3 -2 39 6 1 3 1 0 5 3 -2 38 6 1 2 1 -2 49 3 0 5
 6 1 2 1 0 5 3 0 5 6 -1 4 1 -2 45 3 0 5 6 1 3 2 -2 46 3 -2 41 6 1 5 2 -2 48 3 -2
 43 6 1 7 2 -2 49 3 0 5 6 1 5 2 0 5 3 -2 44 6 1 7 2 0 5 3 -2 40 6 1 5 2 0 5 3 0
 5 6 -1 6 2 -2 45 3 0 5 6 1 7 1 -2 52 4 -2 36 6 1 8 1 0 5 4 -2 39 6 1 8 1 -2 53
 4 -2 37 6 1 9 1 -2 54 4 0 5 6 1 9 1 0 5 4 0 5 6 -1 10 1 -2 51 4 0 5 6 1 8 1 0 5
 4 -2 38 6 1 9 2 -2 52 4 -2 43 6 1 11 2 -2 53 4 -2 41 6 1 12 2 -2 54 4 0 5 6 1
 12 2 0 5 4 -2 44 6 1 11 2 0 5 4 0 5 6 -1 13 2 -2 51 4 0 5 6 1 11 2 0 5 4 -2 40
 6 1 12 3 -2 50 4 -2 47 6 1 14 3 1 54 4 1 49 6 -1 14 3 1 51 4 1 45 6 -1 14 1 0 5
 5 1 39 6 -1 19 1 -2 55 5 -1 36 6 1 15 1 0 5 5 -1 35 6 1 16 1 2 55 5 -1 37 6 1
 17 1 0 5 5 1 38 6 -1 18 2 0 5 5 1 44 6 -1 24 2 -2 55 5 -1 43 6 1 20 2 2 55 5 -1
 41 6 1 23 2 0 5 5 -1 42 6 1 22 2 0 5 5 1 40 6 -1 21 3 -2 55 5 -1 46 6 1 25 3 0
 5 5 1 49 6 -1 29 3 0 5 5 -1 47 6 1 26 3 2 55 5 -1 48 6 1 28 3 0 5 5 1 45 6 -1
 27 4 0 5 5 1 54 6 -1 34 4 -2 55 5 -1 53 6 1 31 4 2 55 5 -1 52 6 1 32 4 0 5 5 -1
 50 6 1 30 4 0 5 5 1 51 6 -1 33 1 1 65 2 1 60 7 -1 1 1 -2 62 2 -2 59 7 1 1 1 1
 61 2 1 57 7 -1 1 1 -2 67 3 -2 58 7 1 2 1 -2 68 3 -2 56 7 1 3 1 0 5 3 -2 60 7 1
 3 1 0 5 3 -2 57 7 1 2 1 -2 70 3 0 5 7 1 2 1 0 5 3 0 5 7 -1 4 1 -2 66 3 0 5 7 1
 3 2 -2 67 3 -2 63 7 1 5 2 -2 68 3 -2 64 7 1 7 2 -2 70 3 0 5 7 1 5 2 0 5 3 -2 65
 7 1 7 2 0 5 3 -2 61 7 1 5 2 0 5 3 0 5 7 -1 6 2 -2 66 3 0 5 7 1 7 1 -2 72 4 -2
 56 7 1 8 1 0 5 4 -2 60 7 1 8 1 -2 74 4 -2 58 7 1 9 1 -2 75 4 0 5 7 1 9 1 0 5 4
 0 5 7 -1 10 1 -2 71 4 0 5 7 1 8 1 0 5 4 -2 57 7 1 9 2 -2 72 4 -2 64 7 1 11 2 -2
 74 4 -2 63 7 1 12 2 -2 75 4 0 5 7 1 12 2 0 5 4 -2 65 7 1 11 2 0 5 4 0 5 7 -1 13
 2 -2 71 4 0 5 7 1 11 2 0 5 4 -2 61 7 1 12 3 1 75 4 1 70 7 -1 14 3 -2 73 4 -2 69
 7 1 14 3 1 71 4 1 66 7 -1 14 1 0 5 5 1 60 7 -1 19 1 -2 76 5 -1 56 7 1 15 1 0 5
 5 -1 59 7 1 16 1 2 76 5 -1 58 7 1 17 1 0 5 5 1 57 7 -1 18 2 0 5 5 1 65 7 -1 24
 2 -2 76 5 -1 64 7 1 20 2 2 76 5 -1 63 7 1 23 2 0 5 5 -1 62 7 1 22 2 0 5 5 1 61
 7 -1 21 3 -2 76 5 -1 67 7 1 25 3 0 5 5 1 70 7 -1 29 3 0 5 5 -1 69 7 1 26 3 2 76
 5 -1 68 7 1 28 3 0 5 5 1 66 7 -1 27 4 0 5 5 1 75 7 -1 34 4 -2 76 5 -1 74 7 1 31
 4 2 76 5 -1 72 7 1 32 4 0 5 5 -1 73 7 1 30 4 0 5 5 1 71 7 -1 33 1 0 5 6 1 60 7
 -1 39 1 -2 77 6 -1 56 7 1 36 1 0 5 6 -1 59 7 1 35 1 2 77 6 -1 58 7 1 37 1 0 5 6
 1 57 7 -1 38 2 0 5 6 1 65 7 -1 44 2 -2 77 6 -1 64 7 1 43 2 2 77 6 -1 63 7 1 41
 2 0 5 6 -1 62 7 1 42 2 0 5 6 1 61 7 -1 40 3 -2 77 6 -1 67 7 1 46 3 0 5 6 1 70 7
 -1 49 3 0 5 6 -1 69 7 1 47 3 2 77 6 -1 68 7 1 48 3 0 5 6 1 66 7 -1 45 4 0 5 6 1
 75 7 -1 54 4 -2 77 6 -1 74 7 1 53 4 2 77 6 -1 72 7 1 52 4 0 5 6 -1 73 7 1 50 4
 0 5 6 1 71 7 -1 51 5 1 77 6 -1 76 7 1 55
 77 7 154 1309 1 0 1 2 0 2
 1 1 2 2 1 1 1 1 3 3 -2 1 1 -2 3 3 1 1 1 1 3 3 -1 1 2 1 3 3 -2 2 2 1 3 3 -1 2 2
 -2 3 3 1 2 1 -2 4 4 1 1 1 1 4 4 -2 1 1 1 4 4 -1 1 2 -2 4 4 1 2 2 1 4 4 -2 2 2 1
 4 4 -1 2 3 1 4 4 1 3 1 -2 5 5 1 1 1 1 5 5 1 1 1 1 5 5 -2 1 1 1 5 5 0 2 1 0 2 5
 1 1 2 -2 5 5 1 2 2 1 5 5 0 2 2 1 5 5 1 2 2 1 5 5 -2 2 2 0 2 5 1 2 3 -2 5 5 1 3
 3 1 5 5 1 3 3 1 5 5 0 2 3 1 5 5 -2 3 3 0 2 5 1 3 4 1 5 5 1 4 4 -2 5 5 1 4 4 1 5
 5 -2 4 4 1 5 5 0 2 4 0 2 5 1 4 1 1 6 6 1 1 1 -2 6 6 1 1 1 1 6 6 -2 1 1 1 6 6 0
 2 1 0 2 6 1 1 2 1 6 6 0 2 2 1 6 6 -2 2 2 1 6 6 1 2 2 -2 6 6 1 2 2 0 2 6 1 2 3 1
 6 6 0 2 3 -2 6 6 1 3 3 1 6 6 1 3 3 1 6 6 -2 3 3 0 2 6 1 3 4 1 6 6 1 4 4 1 6 6 0
 2 4 1 6 6 -2 4 4 -2 6 6 1 4 4 0 2 6 1 4 5 1 6 6 -1 5 1 -2 7 7 1 1 1 1 7 7 0 2 1
 1 7 7 -2 1 1 1 7 7 1 1 1 0 2 7 1 1 2 1 7 7 0 2 2 1 7 7 1 2 2 1 7 7 -2 2 2 -2 7
 7 1 2 2 0 2 7 1 2 3 1 7 7 0 2 3 -2 7 7 1 3 3 1 7 7 -2 3 3 1 7 7 1 3 3 0 2 7 1 3
 4 1 7 7 0 2 4 1 7 7 -2 4 4 1 7 7 1 4 4 -2 7 7 1 4 4 0 2 7 1 4 5 1 7 7 -1 5 6 1
 7 7 -1 6
 7 1 7 1463 0 0 0 1 0 1
 1 1 1 2 1 1 3 1 1 4 1 1 5 1 1 6 1 1 7 1 1
 1 139 210 1470 4 2 2 7 3 0
 0 -2 137 0 -2 136 0 4 125 0 -4 95 0 4 53 0 -2 138 0 4 131 0 2 123 0 -2 92 0 2
 48 0 -2 135 0 4 131 0 2 107 0 -2 82 0 2 37 0 4 127 0 2 121 0 2 109 0 -4 66 0 4
 24 0 -4 97 0 -2 90 0 -2 78 0 4 66 0 -4 12 0 4 55 0 2 52 0 2 39 0 -4 24 0 4 12 0
 -2 137 0 -2 136 0 4 125 0 -4 95 0 4 53 0 -2 138 0 4 129 0 2 113 0 -2 83 0 2 41
 0 -2 135 0 4 129 0 2 102 0 -2 72 0 2 30 0 4 127 0 2 118 0 2 103 0 -4 63 0 4 21
 0 -4 97 0 -2 88 0 -2 73 0 4 63 0 -4 9 0 4 55 0 2 46 0 2 31 0 -4 21 0 4 9 0 4
 139 0 -2 133 0 2 122 0 -2 91 0 2 47 0 4 139 0 -2 130 0 2 115 0 -2 85 0 2 43 0 -2
 132 0 -2 128 0 4 98 0 -4 68 0 4 26 0 2 120 0 2 116 0 4 100 0 -4 60 0 4 18 0 -2
 89 0 -2 86 0 -4 70 0 4 60 0 -4 6 0 2 51 0 2 44 0 4 28 0 -4 18 0 4 6 0 4 134 0 -2
 133 0 2 112 0 -2 81 0 2 36 0 4 134 0 -2 130 0 2 105 0 -2 75 0 2 33 0 -2 132 0 -2
 128 0 4 98 0 -4 68 0 4 26 0 2 110 0 2 106 0 4 100 0 -4 58 0 4 16 0 -2 79 0 -2
 76 0 -4 70 0 4 58 0 -4 4 0 2 40 0 2 34 0 4 28 0 -4 16 0 4 4 0 -2 126 0 1 119 0
 1 111 0 2 65 0 -2 23 0 -2 126 0 1 117 0 1 101 0 2 62 0 -2 20 0 1 124 0 1 114 0
 -2 99 0 2 59 0 -2 17 0 1 108 0 1 104 0 -2 99 0 2 56 0 -2 14 0 2 67 0 2 64 0 2
 61 0 2 57 0 4 1 0 -2 25 0 -2 22 0 -2 19 0 -2 15 0 -4 1 0 2 96 0 -1 94 0 -1 80 0
 -2 65 0 2 11 0 2 96 0 -1 87 0 -1 71 0 -2 62 0 2 8 0 -1 93 0 -1 84 0 2 69 0 -2
 59 0 2 5 0 -1 77 0 -1 74 0 2 69 0 -2 56 0 2 2 0 -2 67 0 -2 64 0 -2 61 0 -2 57 0
 -4 1 0 2 13 0 2 10 0 2 7 0 2 3 0 4 1 0 -2 54 0 1 50 0 1 35 0 2 23 0 -2 11 0 -2
 54 0 1 45 0 1 29 0 2 20 0 -2 8 0 1 49 0 1 42 0 -2 27 0 2 17 0 -2 5 0 1 38 0 1
 32 0 -2 27 0 2 14 0 -2 2 0 2 25 0 2 22 0 2 19 0 2 15 0 4 1 0 -2 13 0 -2 10 0 -2
 7 0 -2 3 0 -4 1
 1 175 840 1680 3 1 2 7 3 0
 0 0 175 0 0 175 0 0 175 0 0 175 0 0 175 0 0 175 0 0 175 0 0 175 0 0 175 0 0 175
 0 0 175 0 0 175 0 0 175 0 0 175 0 0 175 0 0 175 0 0 175 0 0 175 0 0 175 0 0 175
 0 4 175 0 4 170 0 -4 150 0 4 96 0 -4 175 0 -4 160 0 4 140 0 -4 86 0 4 174 0 -4
 164 0 -4 129 0 4 75 0 -4 154 0 4 144 0 4 129 0 -4 39 0 4 100 0 -4 90 0 -4 75 0
 4 39 0 4 175 0 4 166 0 -4 146 0 4 92 0 -4 175 0 -4 160 0 4 140 0 -4 86 0 4 169
 0 -4 164 0 -4 116 0 4 62 0 -4 149 0 4 144 0 4 116 0 -4 27 0 4 95 0 -4 90 0 -4
 62 0 4 27 0 2 171 0 2 165 0 4 132 0 -4 79 0 2 172 0 -4 163 0 2 128 0 -2 74 0 2
 168 0 -4 163 0 2 114 0 -2 60 0 4 134 0 2 131 0 2 115 0 -4 11 0 -4 80 0 -2 77 0
 -2 61 0 4 11 0 -2 151 0 -2 145 0 -4 132 0 4 44 0 -2 152 0 4 143 0 -2 128 0 2 38
 0 -2 148 0 4 143 0 -2 114 0 2 25 0 -4 134 0 -2 131 0 -2 115 0 4 11 0 4 45 0 2
 43 0 2 26 0 -4 11 0 2 97 0 2 91 0 4 79 0 -4 44 0 2 98 0 -4 89 0 2 74 0 -2 38 0
 2 94 0 -4 89 0 2 60 0 -2 25 0 4 80 0 2 77 0 2 61 0 -4 11 0 -4 45 0 -2 43 0 -2
 26 0 4 11 0 0 175 0 0 175 0 0 175 0 0 175 0 0 175 0 0 175 0 0 175 0 0 175 0 0
 175 0 0 175 0 0 175 0 0 175 0 0 175 0 0 175 0 0 175 0 0 175 0 0 175 0 0 175 0 0
 175 0 0 175 0 4 175 0 4 170 0 -4 150 0 4 96 0 -4 175 0 -4 155 0 4 135 0 -4 81 0
 4 174 0 -4 159 0 -4 122 0 4 68 0 -4 154 0 4 139 0 4 122 0 -4 32 0 4 100 0 -4 85
 0 -4 68 0 4 32 0 4 175 0 4 166 0 -4 146 0 4 92 0 -4 175 0 -4 155 0 4 135 0 -4
 81 0 4 169 0 -4 159 0 -4 109 0 4 55 0 -4 149 0 4 139 0 4 109 0 -4 19 0 4 95 0 -4
 85 0 -4 55 0 4 19 0 2 171 0 2 165 0 4 132 0 -4 79 0 2 172 0 -4 157 0 2 119 0 -2
 65 0 2 168 0 -4 157 0 2 106 0 -2 52 0 4 134 0 2 124 0 2 107 0 -4 7 0 -4 80 0 -2
 70 0 -2 53 0 4 7 0 -2 151 0 -2 145 0 -4 132 0 4 44 0 -2 152 0 4 137 0 -2 119 0
 2 30 0 -2 148 0 4 137 0 -2 106 0 2 16 0 -4 134 0 -2 124 0 -2 107 0 4 7 0 4 45 0
 2 35 0 2 17 0 -4 7 0 2 97 0 2 91 0 4 79 0 -4 44 0 2 98 0 -4 83 0 2 65 0 -2 30 0
 2 94 0 -4 83 0 2 52 0 -2 16 0 4 80 0 2 70 0 2 53 0 -4 7 0 -4 45 0 -2 35 0 -2 17
 0 4 7 0 -4 175 0 -4 170 0 4 150 0 -4 96 0 4 175 0 4 160 0 -4 140 0 4 86 0 -4
 174 0 4 164 0 4 129 0 -4 75 0 4 154 0 -4 144 0 -4 129 0 4 39 0 -4 100 0 4 90 0
 4 75 0 -4 39 0 -4 175 0 -4 170 0 4 150 0 -4 96 0 4 175 0 4 155 0 -4 135 0 4 81
 0 -4 174 0 4 159 0 4 122 0 -4 68 0 4 154 0 -4 139 0 -4 122 0 4 32 0 -4 100 0 4
 85 0 4 68 0 -4 32 0 0 175 0 0 175 0 0 175 0 0 175 0 0 175 0 0 175 0 0 175 0 0
 175 0 0 175 0 0 175 0 0 175 0 0 175 0 0 175 0 0 175 0 0 175 0 0 175 0 0 175 0 0
 175 0 0 175 0 0 175 0 -4 173 0 2 162 0 2 127 0 -2 73 0 -4 173 0 2 158 0 2 121 0
 -2 67 0 2 161 0 2 156 0 4 101 0 -4 48 0 2 130 0 2 123 0 4 103 0 -4 5 0 -2 76 0
 -2 69 0 -4 49 0 4 5 0 4 153 0 -2 142 0 -2 127 0 2 37 0 4 153 0 -2 138 0 -2 121
 0 2 31 0 -2 141 0 -2 136 0 -4 101 0 4 13 0 -2 130 0 -2 123 0 -4 103 0 4 5 0 2
 41 0 2 34 0 4 14 0 -4 5 0 -4 99 0 2 88 0 2 73 0 -2 37 0 -4 99 0 2 84 0 2 67 0 -2
 31 0 2 87 0 2 82 0 4 48 0 -4 13 0 2 76 0 2 69 0 4 49 0 -4 5 0 -2 41 0 -2 34 0 -4
 14 0 4 5 0 -4 175 0 -4 166 0 4 146 0 -4 92 0 4 175 0 4 160 0 -4 140 0 4 86 0 -4
 169 0 4 164 0 4 116 0 -4 62 0 4 149 0 -4 144 0 -4 116 0 4 27 0 -4 95 0 4 90 0 4
 62 0 -4 27 0 -4 175 0 -4 166 0 4 146 0 -4 92 0 4 175 0 4 155 0 -4 135 0 4 81 0
 -4 169 0 4 159 0 4 109 0 -4 55 0 4 149 0 -4 139 0 -4 109 0 4 19 0 -4 95 0 4 85
 0 4 55 0 -4 19 0 0 175 0 0 175 0 0 175 0 0 175 0 0 175 0 0 175 0 0 175 0 0 175
 0 0 175 0 0 175 0 0 175 0 0 175 0 0 175 0 0 175 0 0 175 0 0 175 0 0 175 0 0 175
 0 0 175 0 0 175 0 -4 167 0 2 162 0 2 113 0 -2 59 0 -4 167 0 2 158 0 2 108 0 -2
 54 0 2 161 0 2 156 0 4 101 0 -4 48 0 2 117 0 2 110 0 4 103 0 -4 3 0 -2 63 0 -2
 56 0 -4 49 0 4 3 0 4 147 0 -2 142 0 -2 113 0 2 23 0 4 147 0 -2 138 0 -2 108 0 2
 18 0 -2 141 0 -2 136 0 -4 101 0 4 13 0 -2 117 0 -2 110 0 -4 103 0 4 3 0 2 28 0
 2 20 0 4 14 0 -4 3 0 -4 93 0 2 88 0 2 59 0 -2 23 0 -4 93 0 2 84 0 2 54 0 -2 18
 0 2 87 0 2 82 0 4 48 0 -4 13 0 2 63 0 2 56 0 4 49 0 -4 3 0 -2 28 0 -2 20 0 -4
 14 0 4 3 0 -2 171 0 -2 165 0 -4 132 0 4 79 0 -2 172 0 4 163 0 -2 128 0 2 74 0 -2
 168 0 4 163 0 -2 114 0 2 60 0 -4 134 0 -2 131 0 -2 115 0 4 11 0 4 80 0 2 77 0 2
 61 0 -4 11 0 -2 171 0 -2 165 0 -4 132 0 4 79 0 -2 172 0 4 157 0 -2 119 0 2 65 0
 -2 168 0 4 157 0 -2 106 0 2 52 0 -4 134 0 -2 124 0 -2 107 0 4 7 0 4 80 0 2 70 0
 2 53 0 -4 7 0 4 173 0 -2 162 0 -2 127 0 2 73 0 4 173 0 -2 158 0 -2 121 0 2 67 0
 -2 161 0 -2 156 0 -4 101 0 4 48 0 -2 130 0 -2 123 0 -4 103 0 4 5 0 2 76 0 2 69
 0 4 49 0 -4 5 0 4 167 0 -2 162 0 -2 113 0 2 59 0 4 167 0 -2 158 0 -2 108 0 2 54
 0 -2 161 0 -2 156 0 -4 101 0 4 48 0 -2 117 0 -2 110 0 -4 103 0 4 3 0 2 63 0 2
 56 0 4 49 0 -4 3 0 -2 133 0 1 126 0 1 111 0 -2 10 0 -2 133 0 1 120 0 1 104 0 -2
 9 0 1 125 0 1 118 0 -2 102 0 -2 4 0 1 112 0 1 105 0 -2 102 0 -2 2 0 -2 12 0 -2
 8 0 -2 6 0 -2 1 0 2 78 0 -1 72 0 -1 57 0 2 10 0 2 78 0 -1 66 0 -1 50 0 2 9 0 -1
 71 0 -1 64 0 2 47 0 2 4 0 -1 58 0 -1 51 0 2 47 0 2 2 0 2 12 0 2 8 0 2 6 0 2 1 0
 2 151 0 2 145 0 4 132 0 -4 44 0 2 152 0 -4 143 0 2 128 0 -2 38 0 2 148 0 -4 143
 0 2 114 0 -2 25 0 4 134 0 2 131 0 2 115 0 -4 11 0 -4 45 0 -2 43 0 -2 26 0 4 11
 0 2 151 0 2 145 0 4 132 0 -4 44 0 2 152 0 -4 137 0 2 119 0 -2 30 0 2 148 0 -4
 137 0 2 106 0 -2 16 0 4 134 0 2 124 0 2 107 0 -4 7 0 -4 45 0 -2 35 0 -2 17 0 4
 7 0 -4 153 0 2 142 0 2 127 0 -2 37 0 -4 153 0 2 138 0 2 121 0 -2 31 0 2 141 0 2
 136 0 4 101 0 -4 13 0 2 130 0 2 123 0 4 103 0 -4 5 0 -2 41 0 -2 34 0 -4 14 0 4
 5 0 -4 147 0 2 142 0 2 113 0 -2 23 0 -4 147 0 2 138 0 2 108 0 -2 18 0 2 141 0 2
 136 0 4 101 0 -4 13 0 2 117 0 2 110 0 4 103 0 -4 3 0 -2 28 0 -2 20 0 -4 14 0 4
 3 0 2 133 0 -1 126 0 -1 111 0 2 10 0 2 133 0 -1 120 0 -1 104 0 2 9 0 -1 125 0 -1
 118 0 2 102 0 2 4 0 -1 112 0 -1 105 0 2 102 0 2 2 0 2 12 0 2 8 0 2 6 0 2 1 0 -2
 46 0 1 42 0 1 24 0 -2 10 0 -2 46 0 1 36 0 1 21 0 -2 9 0 1 40 0 1 33 0 -2 15 0 -2
 4 0 1 29 0 1 22 0 -2 15 0 -2 2 0 -2 12 0 -2 8 0 -2 6 0 -2 1 0 -2 97 0 -2 91 0 -4
 79 0 4 44 0 -2 98 0 4 89 0 -2 74 0 2 38 0 -2 94 0 4 89 0 -2 60 0 2 25 0 -4 80 0
 -2 77 0 -2 61 0 4 11 0 4 45 0 2 43 0 2 26 0 -4 11 0 -2 97 0 -2 91 0 -4 79 0 4
 44 0 -2 98 0 4 83 0 -2 65 0 2 30 0 -2 94 0 4 83 0 -2 52 0 2 16 0 -4 80 0 -2 70
 0 -2 53 0 4 7 0 4 45 0 2 35 0 2 17 0 -4 7 0 4 99 0 -2 88 0 -2 73 0 2 37 0 4 99
 0 -2 84 0 -2 67 0 2 31 0 -2 87 0 -2 82 0 -4 48 0 4 13 0 -2 76 0 -2 69 0 -4 49 0
 4 5 0 2 41 0 2 34 0 4 14 0 -4 5 0 4 93 0 -2 88 0 -2 59 0 2 23 0 4 93 0 -2 84 0
 -2 54 0 2 18 0 -2 87 0 -2 82 0 -4 48 0 4 13 0 -2 63 0 -2 56 0 -4 49 0 4 3 0 2
 28 0 2 20 0 4 14 0 -4 3 0 -2 78 0 1 72 0 1 57 0 -2 10 0 -2 78 0 1 66 0 1 50 0 -2
 9 0 1 71 0 1 64 0 -2 47 0 -2 4 0 1 58 0 1 51 0 -2 47 0 -2 2 0 -2 12 0 -2 8 0 -2
 6 0 -2 1 0 2 46 0 -1 42 0 -1 24 0 2 10 0 2 46 0 -1 36 0 -1 21 0 2 9 0 -1 40 0 -1
 33 0 2 15 0 2 4 0 -1 29 0 -1 22 0 2 15 0 2 2 0 2 12 0 2 8 0 2 6 0 2 1
 1 58 210 2520 4 3 1 7 3 0
 0 -2 58 0 -2 57 0 4 54 0 -4 40 0 4 22 0 -2 58 0 1 56 0 -2 52 0 2 38 0 -2 21 0 -2
 57 0 1 56 0 -2 46 0 2 31 0 -2 15 0 4 54 0 -2 52 0 -2 46 0 0 58 0 0 58 0 -4 40 0
 2 38 0 2 31 0 0 58 0 0 58 0 4 22 0 -2 21 0 -2 15 0 0 58 0 0 58 0 -2 58 0 -2 57
 0 4 54 0 -4 40 0 4 22 0 -2 58 0 1 55 0 -2 50 0 2 36 0 -2 17 0 -2 57 0 1 55 0 -2
 44 0 2 30 0 -2 11 0 4 54 0 -2 50 0 -2 44 0 0 58 0 0 58 0 -4 40 0 2 36 0 2 30 0
 0 58 0 0 58 0 4 22 0 -2 17 0 -2 11 0 0 58 0 0 58 0 1 58 0 -2 56 0 -2 51 0 2 37
 0 -2 20 0 1 58 0 -2 55 0 -2 48 0 2 34 0 -2 18 0 -2 56 0 -2 55 0 4 41 0 -4 27 0
 4 9 0 -2 51 0 -2 48 0 4 41 0 0 58 0 0 58 0 2 37 0 2 34 0 -4 27 0 0 58 0 0 58 0
 -2 20 0 -2 18 0 4 9 0 0 58 0 0 58 0 1 57 0 -2 56 0 -2 45 0 2 33 0 -2 14 0 1 57
 0 -2 55 0 -2 42 0 2 28 0 -2 12 0 -2 56 0 -2 55 0 4 41 0 -4 27 0 4 9 0 -2 45 0 -2
 42 0 4 41 0 0 58 0 0 58 0 2 33 0 2 28 0 -4 27 0 0 58 0 0 58 0 -2 14 0 -2 12 0 4
 9 0 0 58 0 0 58 0 -2 54 0 4 53 0 4 47 0 4 26 0 -4 8 0 -2 54 0 4 49 0 4 43 0 4
 25 0 -4 7 0 4 53 0 4 49 0 -2 41 0 4 24 0 -4 6 0 4 47 0 4 43 0 -2 41 0 4 23 0 -4
 5 0 4 26 0 4 25 0 4 24 0 4 23 0 0 58 0 -4 8 0 -4 7 0 -4 6 0 -4 5 0 0 58 0 2 40
 0 -4 39 0 -4 32 0 -4 26 0 4 4 0 2 40 0 -4 35 0 -4 29 0 -4 25 0 4 3 0 -4 39 0 -4
 35 0 2 27 0 -4 24 0 4 2 0 -4 32 0 -4 29 0 2 27 0 -4 23 0 4 1 0 -4 26 0 -4 25 0
 -4 24 0 -4 23 0 0 58 0 4 4 0 4 3 0 4 2 0 4 1 0 0 58 0 -2 22 0 4 19 0 4 13 0 4 8
 0 -4 4 0 -2 22 0 4 16 0 4 10 0 4 7 0 -4 3 0 4 19 0 4 16 0 -2 9 0 4 6 0 -4 2 0 4
 13 0 4 10 0 -2 9 0 4 5 0 -4 1 0 4 8 0 4 7 0 4 6 0 4 5 0 0 58 0 -4 4 0 -4 3 0 -4
 2 0 -4 1 0 0 58
 58 107 232 2730 3 2 1 4 3 1
 1 -1 14 2 -1 7 3 1 5 5 -1 1 1 -1 24 2 -1 17 4 1 5 5 -1 2 1 1 26 3 -1 19 4 -1 10
 5 -1 3 2 1 26 3 -1 22 4 -1 13 5 -1 4 1 -1 36 2 -1 29 3 1 27 6 -1 1 1 -1 46 2 -1
 39 4 1 27 6 -1 2 1 1 48 3 -1 41 4 -1 32 6 -1 3 2 1 48 3 -1 44 4 -1 35 6 -1 4 1
 -1 52 2 -1 49 5 1 27 6 -1 5 1 -1 56 3 -1 49 5 1 28 6 -1 6 1 -2 57 3 1 50 5 -1
 30 6 1 8 1 1 55 3 -2 51 5 -1 31 6 1 9 2 -1 56 3 -1 52 5 1 33 6 -1 11 2 1 55 3 -2
 54 5 -1 34 6 1 12 2 -2 57 3 1 53 5 -1 37 6 1 15 1 -1 58 4 -1 49 5 1 38 6 -1 16
 1 -2 60 4 1 50 5 -1 40 6 1 18 1 1 59 4 -2 51 5 -1 42 6 1 20 2 -1 58 4 -1 52 5 1
 43 6 -1 21 2 1 59 4 -2 54 5 -1 45 6 1 23 2 -2 60 4 1 53 5 -1 47 6 1 25 3 -1 58
 4 -1 56 5 1 48 6 -1 26 1 -1 70 2 -1 63 3 1 61 7 -1 1 1 -1 80 2 -1 73 4 1 61 7 -1
 2 1 1 82 3 -1 75 4 -1 66 7 -1 3 2 1 82 3 -1 78 4 -1 69 7 -1 4 1 -1 86 2 -1 83 5
 1 61 7 -1 5 1 1 89 3 -2 85 5 -1 65 7 1 9 1 -1 90 3 -1 83 5 1 62 7 -1 6 1 -2 91
 3 1 84 5 -1 64 7 1 8 2 -2 91 3 1 87 5 -1 71 7 1 15 2 -1 90 3 -1 86 5 1 67 7 -1
 11 2 1 89 3 -2 88 5 -1 68 7 1 12 1 1 93 4 -2 85 5 -1 76 7 1 20 1 -1 92 4 -1 83
 5 1 72 7 -1 16 1 -2 94 4 1 84 5 -1 74 7 1 18 2 1 93 4 -2 88 5 -1 79 7 1 23 2 -2
 94 4 1 87 5 -1 81 7 1 25 2 -1 92 4 -1 86 5 1 77 7 -1 21 3 -1 92 4 -1 90 5 1 82
 7 -1 26 1 -1 98 2 -1 95 6 1 61 7 -1 27 1 1 101 3 -2 97 6 -1 65 7 1 31 1 -1 102
 3 -1 95 6 1 62 7 -1 28 1 -2 103 3 1 96 6 -1 64 7 1 30 2 1 101 3 -2 100 6 -1 68
 7 1 34 2 -2 103 3 1 99 6 -1 71 7 1 37 2 -1 102 3 -1 98 6 1 67 7 -1 33 1 1 105 4
 -2 97 6 -1 76 7 1 42 1 -1 104 4 -1 95 6 1 72 7 -1 38 1 -2 106 4 1 96 6 -1 74 7
 1 40 2 1 105 4 -2 100 6 -1 79 7 1 45 2 -2 106 4 1 99 6 -1 81 7 1 47 2 -1 104 4
 -1 98 6 1 77 7 -1 43 3 -1 104 4 -1 102 6 1 82 7 -1 48 1 -2 107 5 1 96 6 -1 84 7
 1 50 2 -2 107 5 1 99 6 -1 87 7 1 53 3 -2 107 5 1 101 6 -1 89 7 1 55 4 -2 107 5
 1 105 6 -1 93 7 1 59
 107 61 321 2962 2 1 1 3 2 1
 1 -1 11 2 -1 4 3 1 1 1 -1 21 2 -1 14 4 1 1 1 1 22 3 -1 15 4 -1 6 2 1 22 3 -1 18
 4 -1 10 1 -1 26 2 -1 23 5 1 1 1 -1 29 3 -1 23 5 1 3 1 0 11 3 -1 23 5 1 4 1 -2
 30 3 1 24 5 -1 2 1 1 31 3 -2 25 5 -1 5 1 -1 29 3 0 11 5 1 6 2 -1 29 3 -1 26 5 1
 8 2 1 31 3 -2 27 5 -1 7 2 -1 29 3 0 11 5 1 10 2 0 11 3 -1 26 5 1 11 2 -2 30 3 1
 28 5 -1 9 1 -1 32 4 -1 23 5 1 12 1 0 11 4 -1 23 5 1 14 1 -2 33 4 1 24 5 -1 13 1
 -1 32 4 0 11 5 1 15 1 1 34 4 -2 25 5 -1 16 2 -1 32 4 -1 26 5 1 17 2 -1 32 4 0
 11 5 1 18 2 1 34 4 -2 27 5 -1 19 2 0 11 4 -1 26 5 1 21 2 -2 33 4 1 28 5 -1 20 3
 -1 32 4 -1 29 5 1 22 1 -1 39 2 -1 36 6 1 1 1 -1 42 3 -1 36 6 1 3 1 0 11 3 -1 36
 6 1 4 1 -2 43 3 1 35 6 -1 2 1 1 41 3 -2 37 6 -1 5 1 -1 42 3 0 11 6 1 6 2 -1 42
 3 -1 39 6 1 8 2 1 41 3 -2 40 6 -1 7 2 -1 42 3 0 11 6 1 10 2 0 11 3 -1 39 6 1 11
 2 -2 43 3 1 38 6 -1 9 1 -1 45 4 -1 36 6 1 12 1 0 11 4 -1 36 6 1 14 1 -2 46 4 1
 35 6 -1 13 1 -1 45 4 0 11 6 1 15 1 1 44 4 -2 37 6 -1 16 2 -1 45 4 -1 39 6 1 17
 2 -1 45 4 0 11 6 1 18 2 1 44 4 -2 40 6 -1 19 2 0 11 4 -1 39 6 1 21 2 -2 46 4 1
 38 6 -1 20 3 -1 45 4 -1 42 6 1 22 1 0 11 5 -1 36 6 1 23 1 -2 47 5 1 35 6 -1 24
 1 -1 47 5 1 37 6 -1 25 2 0 11 5 -1 39 6 1 26 2 -2 47 5 1 38 6 -1 28 2 -1 47 5 1
 40 6 -1 27 3 -2 47 5 1 41 6 -1 31 3 0 11 5 -1 42 6 1 29 3 -1 47 5 1 43 6 -1 30
 4 0 11 5 -1 45 6 1 32 4 -2 47 5 1 44 6 -1 34 4 -1 47 5 1 46 6 -1 33 1 -1 52 2 -1
 49 7 1 1 1 -1 55 3 -1 49 7 1 3 1 0 11 3 -1 49 7 1 4 1 -2 56 3 1 48 7 -1 2 1 1
 54 3 -2 50 7 -1 5 1 -1 55 3 0 11 7 1 6 2 -1 55 3 -1 52 7 1 8 2 1 54 3 -2 53 7 -1
 7 2 -1 55 3 0 11 7 1 10 2 0 11 3 -1 52 7 1 11 2 -2 56 3 1 51 7 -1 9 1 -1 58 4 -1
 49 7 1 12 1 0 11 4 -1 49 7 1 14 1 -2 59 4 1 48 7 -1 13 1 -1 58 4 0 11 7 1 15 1
 1 57 4 -2 50 7 -1 16 2 -1 58 4 -1 52 7 1 17 2 -1 58 4 0 11 7 1 18 2 1 57 4 -2
 53 7 -1 19 2 0 11 4 -1 52 7 1 21 2 -2 59 4 1 51 7 -1 20 3 -1 58 4 -1 55 7 1 22
 1 0 11 5 -1 49 7 1 23 1 -2 60 5 1 48 7 -1 24 1 -1 60 5 1 50 7 -1 25 2 0 11 5 -1
 52 7 1 26 2 -2 60 5 1 51 7 -1 28 2 -1 60 5 1 53 7 -1 27 3 -2 60 5 1 54 7 -1 31
 3 0 11 5 -1 55 7 1 29 3 -1 60 5 1 56 7 -1 30 4 0 11 5 -1 58 7 1 32 4 -2 60 5 1
 57 7 -1 34 4 -1 60 5 1 59 7 -1 33 1 0 11 6 -1 49 7 1 36 1 -2 61 6 1 48 7 -1 35
 1 -1 61 6 1 50 7 -1 37 2 0 11 6 -1 52 7 1 39 2 -2 61 6 1 51 7 -1 38 2 -1 61 6 1
 53 7 -1 40 3 -2 61 6 1 54 7 -1 41 3 0 11 6 -1 55 7 1 42 3 -1 61 6 1 56 7 -1 43
 4 0 11 6 -1 58 7 1 45 4 -2 61 6 1 57 7 -1 44 4 -1 61 6 1 59 7 -1 46 5 -1 61 6 1
 60 7 -1 47
 61 7 122 3283 1 0 1 2 1 1
 1 1 2 2 1 1 1 -2 3 3 1 1 1 1 3 3 1 1 1 0 2 3 1 1 1 1 3 3 -2 1 1 1 3 3 0 2 2 1 3
 3 -2 2 2 1 3 3 1 2 2 -2 3 3 1 2 2 1 3 3 0 2 2 0 2 3 1 2 1 1 4 4 1 1 1 -2 4 4 1
 1 1 0 2 4 1 1 1 1 4 4 0 2 1 1 4 4 -2 1 2 1 4 4 1 2 2 1 4 4 0 2 2 1 4 4 -2 2 2 -2
 4 4 1 2 2 0 2 4 1 2 3 1 4 4 1 3 1 0 2 5 1 1 1 -2 5 5 1 1 1 -1 5 5 1 1 2 0 2 5 1
 2 2 -1 5 5 1 2 2 -2 5 5 1 2 3 0 2 5 1 3 3 -1 5 5 1 3 3 -2 5 5 1 3 4 0 2 5 1 4 4
 -1 5 5 1 4 4 -2 5 5 1 4 1 -2 6 6 1 1 1 0 2 6 1 1 1 -1 6 6 1 1 2 -2 6 6 1 2 2 0
 2 6 1 2 2 -1 6 6 1 2 3 -2 6 6 1 3 3 0 2 6 1 3 3 -1 6 6 1 3 4 -2 6 6 1 4 4 0 2 6
 1 4 4 -1 6 6 1 4 5 -1 6 6 1 5 1 -2 7 7 1 1 1 0 2 7 1 1 1 -1 7 7 1 1 2 -2 7 7 1
 2 2 0 2 7 1 2 2 -1 7 7 1 2 3 -2 7 7 1 3 3 0 2 7 1 3 3 -1 7 7 1 3 4 -2 7 7 1 4 4
 0 2 7 1 4 4 -1 7 7 1 4 5 -1 7 7 1 5 6 -1 7 7 1 6
 1 107 840 3405 3 2 1 7 3 0
 0 -2 107 0 4 106 0 -4 94 0 4 60 0 -2 107 0 4 103 0 -4 91 0 4 57 0 4 106 0 4 103
 0 0 107 0 0 107 0 -4 94 0 -4 91 0 0 107 0 0 107 0 4 60 0 4 57 0 0 107 0 0 107 0
 4 107 0 -2 105 0 2 93 0 -2 59 0 4 107 0 -4 98 0 4 86 0 -4 52 0 -2 105 0 -4 98 0
 0 107 0 0 107 0 2 93 0 4 86 0 0 107 0 0 107 0 -2 59 0 -4 52 0 0 107 0 0 107 0 4
 107 0 -2 101 0 2 89 0 -2 55 0 4 107 0 -4 98 0 4 86 0 -4 52 0 -2 101 0 -4 98 0 0
 107 0 0 107 0 2 89 0 4 86 0 0 107 0 0 107 0 -2 55 0 -4 52 0 0 107 0 0 107 0 -4
 104 0 -4 102 0 4 82 0 -4 48 0 -4 104 0 2 98 0 -4 80 0 4 46 0 -4 102 0 2 98 0 -4
 70 0 4 36 0 4 82 0 -4 80 0 -4 70 0 0 107 0 -4 48 0 4 46 0 4 36 0 0 107 0 4 92 0
 4 90 0 -4 82 0 4 26 0 4 92 0 -2 86 0 4 80 0 -4 24 0 4 90 0 -2 86 0 4 70 0 -4 14
 0 -4 82 0 4 80 0 4 70 0 0 107 0 4 26 0 -4 24 0 -4 14 0 0 107 0 -4 58 0 -4 56 0
 4 48 0 -4 26 0 -4 58 0 2 52 0 -4 46 0 4 24 0 -4 56 0 2 52 0 -4 36 0 4 14 0 4 48
 0 -4 46 0 -4 36 0 0 107 0 -4 26 0 4 24 0 4 14 0 0 107 0 -2 107 0 4 106 0 -4 94
 0 4 60 0 -2 107 0 4 103 0 -4 91 0 4 57 0 4 106 0 4 103 0 0 107 0 0 107 0 -4 94
 0 -4 91 0 0 107 0 0 107 0 4 60 0 4 57 0 0 107 0 0 107 0 4 107 0 -2 105 0 2 93 0
 -2 59 0 4 107 0 -4 95 0 4 83 0 -4 49 0 -2 105 0 -4 95 0 0 107 0 0 107 0 2 93 0
 4 83 0 0 107 0 0 107 0 -2 59 0 -4 49 0 0 107 0 0 107 0 4 107 0 -2 101 0 2 89 0
 -2 55 0 4 107 0 -4 95 0 4 83 0 -4 49 0 -2 101 0 -4 95 0 0 107 0 0 107 0 2 89 0
 4 83 0 0 107 0 0 107 0 -2 55 0 -4 49 0 0 107 0 0 107 0 -4 104 0 -4 102 0 4 82 0
 -4 48 0 -4 104 0 2 95 0 -4 73 0 4 39 0 -4 102 0 2 95 0 -4 63 0 4 29 0 4 82 0 -4
 73 0 -4 63 0 0 107 0 -4 48 0 4 39 0 4 29 0 0 107 0 4 92 0 4 90 0 -4 82 0 4 26 0
 4 92 0 -2 83 0 4 73 0 -4 17 0 4 90 0 -2 83 0 4 63 0 -4 7 0 -4 82 0 4 73 0 4 63
 0 0 107 0 4 26 0 -4 17 0 -4 7 0 0 107 0 -4 58 0 -4 56 0 4 48 0 -4 26 0 -4 58 0
 2 49 0 -4 39 0 4 17 0 -4 56 0 2 49 0 -4 29 0 4 7 0 4 48 0 -4 39 0 -4 29 0 0 107
 0 -4 26 0 4 17 0 4 7 0 0 107 0 4 107 0 -4 104 0 4 92 0 -4 58 0 4 107 0 -2 99 0
 2 87 0 -2 53 0 -4 104 0 -2 99 0 0 107 0 0 107 0 4 92 0 2 87 0 0 107 0 0 107 0 -4
 58 0 -2 53 0 0 107 0 0 107 0 4 107 0 -4 104 0 4 92 0 -4 58 0 4 107 0 -2 96 0 2
 84 0 -2 50 0 -4 104 0 -2 96 0 0 107 0 0 107 0 4 92 0 2 84 0 0 107 0 0 107 0 -4
 58 0 -2 50 0 0 107 0 0 107 0 -2 107 0 4 100 0 -4 88 0 4 54 0 -2 107 0 4 97 0 -4
 85 0 4 51 0 4 100 0 4 97 0 0 107 0 0 107 0 -4 88 0 -4 85 0 0 107 0 0 107 0 4 54
 0 4 51 0 0 107 0 0 107 0 2 104 0 -4 98 0 -4 78 0 4 44 0 2 104 0 -4 95 0 -4 75 0
 4 41 0 -4 98 0 -4 95 0 4 61 0 -4 27 0 -4 78 0 -4 75 0 4 61 0 0 107 0 4 44 0 4
 41 0 -4 27 0 0 107 0 -2 92 0 4 86 0 4 78 0 -4 22 0 -2 92 0 4 83 0 4 75 0 -4 19
 0 4 86 0 4 83 0 -4 61 0 4 5 0 4 78 0 4 75 0 -4 61 0 0 107 0 -4 22 0 -4 19 0 4 5
 0 0 107 0 2 58 0 -4 52 0 -4 44 0 4 22 0 2 58 0 -4 49 0 -4 41 0 4 19 0 -4 52 0 -4
 49 0 4 27 0 -4 5 0 -4 44 0 -4 41 0 4 27 0 0 107 0 4 22 0 4 19 0 -4 5 0 0 107 0
 4 107 0 -4 102 0 4 90 0 -4 56 0 4 107 0 -2 99 0 2 87 0 -2 53 0 -4 102 0 -2 99 0
 0 107 0 0 107 0 4 90 0 2 87 0 0 107 0 0 107 0 -4 56 0 -2 53 0 0 107 0 0 107 0 4
 107 0 -4 102 0 4 90 0 -4 56 0 4 107 0 -2 96 0 2 84 0 -2 50 0 -4 102 0 -2 96 0 0
 107 0 0 107 0 4 90 0 2 84 0 0 107 0 0 107 0 -4 56 0 -2 50 0 0 107 0 0 107 0 -2
 107 0 4 100 0 -4 88 0 4 54 0 -2 107 0 4 97 0 -4 85 0 4 51 0 4 100 0 4 97 0 0
 107 0 0 107 0 -4 88 0 -4 85 0 0 107 0 0 107 0 4 54 0 4 51 0 0 107 0 0 107 0 2
 102 0 -4 98 0 -4 69 0 4 35 0 2 102 0 -4 95 0 -4 66 0 4 32 0 -4 98 0 -4 95 0 4
 61 0 -4 27 0 -4 69 0 -4 66 0 4 61 0 0 107 0 4 35 0 4 32 0 -4 27 0 0 107 0 -2 90
 0 4 86 0 4 69 0 -4 13 0 -2 90 0 4 83 0 4 66 0 -4 10 0 4 86 0 4 83 0 -4 61 0 4 5
 0 4 69 0 4 66 0 -4 61 0 0 107 0 -4 13 0 -4 10 0 4 5 0 0 107 0 2 56 0 -4 52 0 -4
 35 0 4 13 0 2 56 0 -4 49 0 -4 32 0 4 10 0 -4 52 0 -4 49 0 4 27 0 -4 5 0 -4 35 0
 -4 32 0 4 27 0 0 107 0 4 13 0 4 10 0 -4 5 0 0 107 0 -2 105 0 -2 101 0 -4 82 0 4
 48 0 -2 105 0 1 99 0 -2 81 0 2 47 0 -2 101 0 1 99 0 -2 71 0 2 37 0 -4 82 0 -2
 81 0 -2 71 0 0 107 0 4 48 0 2 47 0 2 37 0 0 107 0 -2 105 0 -2 101 0 -4 82 0 4
 48 0 -2 105 0 1 96 0 -2 74 0 2 40 0 -2 101 0 1 96 0 -2 64 0 2 30 0 -4 82 0 -2
 74 0 -2 64 0 0 107 0 4 48 0 2 40 0 2 30 0 0 107 0 1 105 0 -2 99 0 -2 79 0 2 45
 0 1 105 0 -2 96 0 -2 76 0 2 42 0 -2 99 0 -2 96 0 -4 61 0 4 27 0 -2 79 0 -2 76 0
 -4 61 0 0 107 0 2 45 0 2 42 0 4 27 0 0 107 0 1 101 0 -2 99 0 -2 68 0 2 34 0 1
 101 0 -2 96 0 -2 65 0 2 31 0 -2 99 0 -2 96 0 -4 61 0 4 27 0 -2 68 0 -2 65 0 -4
 61 0 0 107 0 2 34 0 2 31 0 4 27 0 0 107 0 2 82 0 -4 77 0 -4 67 0 -4 4 0 2 82 0
 -4 72 0 -4 62 0 -4 3 0 -4 77 0 -4 72 0 2 61 0 -4 2 0 -4 67 0 -4 62 0 2 61 0 -4
 1 0 -4 4 0 -4 3 0 -4 2 0 -4 1 0 -2 48 0 4 43 0 4 33 0 4 4 0 -2 48 0 4 38 0 4 28
 0 4 3 0 4 43 0 4 38 0 -2 27 0 4 2 0 4 33 0 4 28 0 -2 27 0 4 1 0 4 4 0 4 3 0 4 2
 0 4 1 0 2 93 0 2 89 0 4 82 0 -4 26 0 2 93 0 -1 87 0 2 81 0 -2 25 0 2 89 0 -1 87
 0 2 71 0 -2 15 0 4 82 0 2 81 0 2 71 0 0 107 0 -4 26 0 -2 25 0 -2 15 0 0 107 0 2
 93 0 2 89 0 4 82 0 -4 26 0 2 93 0 -1 84 0 2 74 0 -2 18 0 2 89 0 -1 84 0 2 64 0
 -2 8 0 4 82 0 2 74 0 2 64 0 0 107 0 -4 26 0 -2 18 0 -2 8 0 0 107 0 -1 93 0 2 87
 0 2 79 0 -2 23 0 -1 93 0 2 84 0 2 76 0 -2 20 0 2 87 0 2 84 0 4 61 0 -4 5 0 2 79
 0 2 76 0 4 61 0 0 107 0 -2 23 0 -2 20 0 -4 5 0 0 107 0 -1 89 0 2 87 0 2 68 0 -2
 12 0 -1 89 0 2 84 0 2 65 0 -2 9 0 2 87 0 2 84 0 4 61 0 -4 5 0 2 68 0 2 65 0 4
 61 0 0 107 0 -2 12 0 -2 9 0 -4 5 0 0 107 0 -2 82 0 4 77 0 4 67 0 4 4 0 -2 82 0
 4 72 0 4 62 0 4 3 0 4 77 0 4 72 0 -2 61 0 4 2 0 4 67 0 4 62 0 -2 61 0 4 1 0 4 4
 0 4 3 0 4 2 0 4 1 0 2 26 0 -4 21 0 -4 11 0 -4 4 0 2 26 0 -4 16 0 -4 6 0 -4 3 0
 -4 21 0 -4 16 0 2 5 0 -4 2 0 -4 11 0 -4 6 0 2 5 0 -4 1 0 -4 4 0 -4 3 0 -4 2 0 -4
 1 0 -2 59 0 -2 55 0 -4 48 0 4 26 0 -2 59 0 1 53 0 -2 47 0 2 25 0 -2 55 0 1 53 0
 -2 37 0 2 15 0 -4 48 0 -2 47 0 -2 37 0 0 107 0 4 26 0 2 25 0 2 15 0 0 107 0 -2
 59 0 -2 55 0 -4 48 0 4 26 0 -2 59 0 1 50 0 -2 40 0 2 18 0 -2 55 0 1 50 0 -2 30
 0 2 8 0 -4 48 0 -2 40 0 -2 30 0 0 107 0 4 26 0 2 18 0 2 8 0 0 107 0 1 59 0 -2
 53 0 -2 45 0 2 23 0 1 59 0 -2 50 0 -2 42 0 2 20 0 -2 53 0 -2 50 0 -4 27 0 4 5 0
 -2 45 0 -2 42 0 -4 27 0 0 107 0 2 23 0 2 20 0 4 5 0 0 107 0 1 55 0 -2 53 0 -2
 34 0 2 12 0 1 55 0 -2 50 0 -2 31 0 2 9 0 -2 53 0 -2 50 0 -4 27 0 4 5 0 -2 34 0
 -2 31 0 -4 27 0 0 107 0 2 12 0 2 9 0 4 5 0 0 107 0 2 48 0 -4 43 0 -4 33 0 -4 4
 0 2 48 0 -4 38 0 -4 28 0 -4 3 0 -4 43 0 -4 38 0 2 27 0 -4 2 0 -4 33 0 -4 28 0 2
 27 0 -4 1 0 -4 4 0 -4 3 0 -4 2 0 -4 1 0 -2 26 0 4 21 0 4 11 0 4 4 0 -2 26 0 4
 16 0 4 6 0 4 3 0 4 21 0 4 16 0 -2 5 0 4 2 0 4 11 0 4 6 0 -2 5 0 4 1 0 4 4 0 4 3
 0 4 2 0 4 1
 1 25 840 4245 3 3 0 7 3 0
 0 1 25 0 -2 24 0 2 20 0 -2 12 0 1 25 0 -2 23 0 2 19 0 -2 11 0 -2 24 0 -2 23 0 0
 25 0 0 25 0 2 20 0 2 19 0 0 25 0 0 25 0 -2 12 0 -2 11 0 0 25 0 0 25 0 -2 25 0 4
 24 0 -4 20 0 4 12 0 -2 25 0 4 22 0 -4 18 0 4 10 0 4 24 0 4 22 0 0 25 0 0 25 0 -4
 20 0 -4 18 0 0 25 0 0 25 0 4 12 0 4 10 0 0 25 0 0 25 0 -2 25 0 4 23 0 -4 19 0 4
 11 0 -2 25 0 4 22 0 -4 18 0 4 10 0 4 23 0 4 22 0 0 25 0 0 25 0 -4 19 0 -4 18 0
 0 25 0 0 25 0 4 11 0 4 10 0 0 25 0 0 25 0 4 24 0 4 23 0 0 25 0 0 25 0 4 24 0 -2
 22 0 4 16 0 -4 8 0 4 23 0 -2 22 0 4 14 0 -4 6 0 0 25 0 4 16 0 4 14 0 0 25 0 0
 25 0 -4 8 0 -4 6 0 0 25 0 -4 20 0 -4 19 0 0 25 0 0 25 0 -4 20 0 2 18 0 -4 16 0
 4 4 0 -4 19 0 2 18 0 -4 14 0 4 2 0 0 25 0 -4 16 0 -4 14 0 0 25 0 0 25 0 4 4 0 4
 2 0 0 25 0 4 12 0 4 11 0 0 25 0 0 25 0 4 12 0 -2 10 0 4 8 0 -4 4 0 4 11 0 -2 10
 0 4 6 0 -4 2 0 0 25 0 4 8 0 4 6 0 0 25 0 0 25 0 -4 4 0 -4 2 0 0 25 0 1 25 0 -2
 24 0 2 20 0 -2 12 0 1 25 0 -2 23 0 2 19 0 -2 11 0 -2 24 0 -2 23 0 0 25 0 0 25 0
 2 20 0 2 19 0 0 25 0 0 25 0 -2 12 0 -2 11 0 0 25 0 0 25 0 -2 25 0 4 24 0 -4 20
 0 4 12 0 -2 25 0 4 21 0 -4 17 0 4 9 0 4 24 0 4 21 0 0 25 0 0 25 0 -4 20 0 -4 17
 0 0 25 0 0 25 0 4 12 0 4 9 0 0 25 0 0 25 0 -2 25 0 4 23 0 -4 19 0 4 11 0 -2 25
 0 4 21 0 -4 17 0 4 9 0 4 23 0 4 21 0 0 25 0 0 25 0 -4 19 0 -4 17 0 0 25 0 0 25
 0 4 11 0 4 9 0 0 25 0 0 25 0 4 24 0 4 23 0 0 25 0 0 25 0 4 24 0 -2 21 0 4 15 0
 -4 7 0 4 23 0 -2 21 0 4 13 0 -4 5 0 0 25 0 4 15 0 4 13 0 0 25 0 0 25 0 -4 7 0 -4
 5 0 0 25 0 -4 20 0 -4 19 0 0 25 0 0 25 0 -4 20 0 2 17 0 -4 15 0 4 3 0 -4 19 0 2
 17 0 -4 13 0 4 1 0 0 25 0 -4 15 0 -4 13 0 0 25 0 0 25 0 4 3 0 4 1 0 0 25 0 4 12
 0 4 11 0 0 25 0 0 25 0 4 12 0 -2 9 0 4 7 0 -4 3 0 4 11 0 -2 9 0 4 5 0 -4 1 0 0
 25 0 4 7 0 4 5 0 0 25 0 0 25 0 -4 3 0 -4 1 0 0 25 0 -2 25 0 4 24 0 -4 20 0 4 12
 0 -2 25 0 4 22 0 -4 18 0 4 10 0 4 24 0 4 22 0 0 25 0 0 25 0 -4 20 0 -4 18 0 0
 25 0 0 25 0 4 12 0 4 10 0 0 25 0 0 25 0 -2 25 0 4 24 0 -4 20 0 4 12 0 -2 25 0 4
 21 0 -4 17 0 4 9 0 4 24 0 4 21 0 0 25 0 0 25 0 -4 20 0 -4 17 0 0 25 0 0 25 0 4
 12 0 4 9 0 0 25 0 0 25 0 1 25 0 -2 22 0 2 18 0 -2 10 0 1 25 0 -2 21 0 2 17 0 -2
 9 0 -2 22 0 -2 21 0 0 25 0 0 25 0 2 18 0 2 17 0 0 25 0 0 25 0 -2 10 0 -2 9 0 0
 25 0 0 25 0 -2 24 0 4 22 0 -4 16 0 4 8 0 -2 24 0 4 21 0 -4 15 0 4 7 0 4 22 0 4
 21 0 0 25 0 0 25 0 -4 16 0 -4 15 0 0 25 0 0 25 0 4 8 0 4 7 0 0 25 0 0 25 0 2 20
 0 -4 18 0 4 16 0 -4 4 0 2 20 0 -4 17 0 4 15 0 -4 3 0 -4 18 0 -4 17 0 0 25 0 0
 25 0 4 16 0 4 15 0 0 25 0 0 25 0 -4 4 0 -4 3 0 0 25 0 0 25 0 -2 12 0 4 10 0 -4
 8 0 4 4 0 -2 12 0 4 9 0 -4 7 0 4 3 0 4 10 0 4 9 0 0 25 0 0 25 0 -4 8 0 -4 7 0 0
 25 0 0 25 0 4 4 0 4 3 0 0 25 0 0 25 0 -2 25 0 4 23 0 -4 19 0 4 11 0 -2 25 0 4
 22 0 -4 18 0 4 10 0 4 23 0 4 22 0 0 25 0 0 25 0 -4 19 0 -4 18 0 0 25 0 0 25 0 4
 11 0 4 10 0 0 25 0 0 25 0 -2 25 0 4 23 0 -4 19 0 4 11 0 -2 25 0 4 21 0 -4 17 0
 4 9 0 4 23 0 4 21 0 0 25 0 0 25 0 -4 19 0 -4 17 0 0 25 0 0 25 0 4 11 0 4 9 0 0
 25 0 0 25 0 1 25 0 -2 22 0 2 18 0 -2 10 0 1 25 0 -2 21 0 2 17 0 -2 9 0 -2 22 0
 -2 21 0 0 25 0 0 25 0 2 18 0 2 17 0 0 25 0 0 25 0 -2 10 0 -2 9 0 0 25 0 0 25 0
 -2 23 0 4 22 0 -4 14 0 4 6 0 -2 23 0 4 21 0 -4 13 0 4 5 0 4 22 0 4 21 0 0 25 0
 0 25 0 -4 14 0 -4 13 0 0 25 0 0 25 0 4 6 0 4 5 0 0 25 0 0 25 0 2 19 0 -4 18 0 4
 14 0 -4 2 0 2 19 0 -4 17 0 4 13 0 -4 1 0 -4 18 0 -4 17 0 0 25 0 0 25 0 4 14 0 4
 13 0 0 25 0 0 25 0 -4 2 0 -4 1 0 0 25 0 0 25 0 -2 11 0 4 10 0 -4 6 0 4 2 0 -2
 11 0 4 9 0 -4 5 0 4 1 0 4 10 0 4 9 0 0 25 0 0 25 0 -4 6 0 -4 5 0 0 25 0 0 25 0
 4 2 0 4 1 0 0 25 0 0 25 0 4 24 0 4 23 0 0 25 0 0 25 0 4 24 0 -2 22 0 4 16 0 -4
 8 0 4 23 0 -2 22 0 4 14 0 -4 6 0 0 25 0 4 16 0 4 14 0 0 25 0 0 25 0 -4 8 0 -4 6
 0 0 25 0 4 24 0 4 23 0 0 25 0 0 25 0 4 24 0 -2 21 0 4 15 0 -4 7 0 4 23 0 -2 21
 0 4 13 0 -4 5 0 0 25 0 4 15 0 4 13 0 0 25 0 0 25 0 -4 7 0 -4 5 0 0 25 0 -2 24 0
 4 22 0 -4 16 0 4 8 0 -2 24 0 4 21 0 -4 15 0 4 7 0 4 22 0 4 21 0 0 25 0 0 25 0 -4
 16 0 -4 15 0 0 25 0 0 25 0 4 8 0 4 7 0 0 25 0 0 25 0 -2 23 0 4 22 0 -4 14 0 4 6
 0 -2 23 0 4 21 0 -4 13 0 4 5 0 4 22 0 4 21 0 0 25 0 0 25 0 -4 14 0 -4 13 0 0 25
 0 0 25 0 4 6 0 4 5 0 0 25 0 0 25 0 0 25 0 0 25 0 0 25 0 0 25 0 0 25 0 0 25 0 0
 25 0 0 25 0 0 25 0 0 25 0 0 25 0 0 25 0 0 25 0 0 25 0 0 25 0 0 25 0 0 25 0 0 25
 0 0 25 0 0 25 0 0 25 0 0 25 0 0 25 0 0 25 0 0 25 0 0 25 0 0 25 0 0 25 0 0 25 0
 0 25 0 0 25 0 0 25 0 0 25 0 0 25 0 0 25 0 0 25 0 0 25 0 0 25 0 0 25 0 0 25 0 -4
 20 0 -4 19 0 0 25 0 0 25 0 -4 20 0 2 18 0 -4 16 0 4 4 0 -4 19 0 2 18 0 -4 14 0
 4 2 0 0 25 0 -4 16 0 -4 14 0 0 25 0 0 25 0 4 4 0 4 2 0 0 25 0 -4 20 0 -4 19 0 0
 25 0 0 25 0 -4 20 0 2 17 0 -4 15 0 4 3 0 -4 19 0 2 17 0 -4 13 0 4 1 0 0 25 0 -4
 15 0 -4 13 0 0 25 0 0 25 0 4 3 0 4 1 0 0 25 0 2 20 0 -4 18 0 4 16 0 -4 4 0 2 20
 0 -4 17 0 4 15 0 -4 3 0 -4 18 0 -4 17 0 0 25 0 0 25 0 4 16 0 4 15 0 0 25 0 0 25
 0 -4 4 0 -4 3 0 0 25 0 0 25 0 2 19 0 -4 18 0 4 14 0 -4 2 0 2 19 0 -4 17 0 4 13
 0 -4 1 0 -4 18 0 -4 17 0 0 25 0 0 25 0 4 14 0 4 13 0 0 25 0 0 25 0 -4 2 0 -4 1
 0 0 25 0 0 25 0 0 25 0 0 25 0 0 25 0 0 25 0 0 25 0 0 25 0 0 25 0 0 25 0 0 25 0
 0 25 0 0 25 0 0 25 0 0 25 0 0 25 0 0 25 0 0 25 0 0 25 0 0 25 0 0 25 0 0 25 0 0
 25 0 0 25 0 0 25 0 0 25 0 0 25 0 0 25 0 0 25 0 0 25 0 0 25 0 0 25 0 0 25 0 0 25
 0 0 25 0 0 25 0 0 25 0 0 25 0 0 25 0 0 25 0 0 25 0 0 25 0 4 12 0 4 11 0 0 25 0
 0 25 0 4 12 0 -2 10 0 4 8 0 -4 4 0 4 11 0 -2 10 0 4 6 0 -4 2 0 0 25 0 4 8 0 4 6
 0 0 25 0 0 25 0 -4 4 0 -4 2 0 0 25 0 4 12 0 4 11 0 0 25 0 0 25 0 4 12 0 -2 9 0
 4 7 0 -4 3 0 4 11 0 -2 9 0 4 5 0 -4 1 0 0 25 0 4 7 0 4 5 0 0 25 0 0 25 0 -4 3 0
 -4 1 0 0 25 0 -2 12 0 4 10 0 -4 8 0 4 4 0 -2 12 0 4 9 0 -4 7 0 4 3 0 4 10 0 4 9
 0 0 25 0 0 25 0 -4 8 0 -4 7 0 0 25 0 0 25 0 4 4 0 4 3 0 0 25 0 0 25 0 -2 11 0 4
 10 0 -4 6 0 4 2 0 -2 11 0 4 9 0 -4 5 0 4 1 0 4 10 0 4 9 0 0 25 0 0 25 0 -4 6 0
 -4 5 0 0 25 0 0 25 0 4 2 0 4 1 0 0 25 0 0 25 0 0 25 0 0 25 0 0 25 0 0 25 0 0 25
 0 0 25 0 0 25 0 0 25 0 0 25 0 0 25 0 0 25 0 0 25 0 0 25 0 0 25 0 0 25 0 0 25 0
 0 25 0 0 25 0 0 25 0 0 25 0 0 25 0 0 25 0 0 25 0 0 25 0 0 25 0 0 25 0 0 25 0 0
 25 0 0 25 0 0 25 0 0 25 0 0 25 0 0 25 0 0 25 0 0 25 0 0 25 0 0 25 0 0 25 0 0 25
 0 0 25
 25 19 75 5085 2 2 0 3 3 0
 1 1 7 3 -1 5 5 1 1 2 1 7 3 -1 6 5 1 2 1 1 8 4 -1 5 5 1 3 2 1 8 4 -1 6 5 1 4 1 1
 11 3 -1 9 6 1 1 2 1 11 3 -1 10 6 1 2 1 1 12 4 -1 9 6 1 3 2 1 12 4 -1 10 6 1 4 1
 1 13 5 -1 9 6 1 5 2 1 13 5 -1 10 6 1 6 3 1 13 5 -1 11 6 1 7 4 1 13 5 -1 12 6 1
 8 1 1 16 3 -1 14 7 1 1 2 1 16 3 -1 15 7 1 2 1 1 17 4 -1 14 7 1 3 2 1 17 4 -1 15
 7 1 4 1 1 18 5 -1 14 7 1 5 2 1 18 5 -1 15 7 1 6 3 1 18 5 -1 16 7 1 7 4 1 18 5 -1
 17 7 1 8 1 1 19 6 -1 14 7 1 9 2 1 19 6 -1 15 7 1 10 3 1 19 6 -1 16 7 1 11 4 1
 19 6 -1 17 7 1 12 5 1 19 6 -1 18 7 1 13
 19 7 38 5160 1 1 0 2 2 0
 1 1 3 3 -1 1 2 1 3 3 -1 2 1 1 4 4 -1 1 2 1 4 4 -1 2 1 1 5 5 -1 1 2 1 5 5 -1 2 3
 1 5 5 -1 3 4 1 5 5 -1 4 1 1 6 6 -1 1 2 1 6 6 -1 2 3 1 6 6 -1 3 4 1 6 6 -1 4 5 1
 6 6 -1 5 1 1 7 7 -1 1 2 1 7 7 -1 2 3 1 7 7 -1 3 4 1 7 7 -1 4 5 1 7 7 -1 5 6 1 7
 7 -1 6
 7 1 7 5198 0 0 0 1 1 0
 1 1 1 2 1 1 3 1 1 4 1 1 5 1 1 6 1 1 7 1 1
 1 7 7 5205 6 3 1 7 3 0
 1 1 7 2 1 6 3 1 5 4 1 4 5 -2 3 6 2 2 7 -2 1
 7 37 42 5212 5 2 1 6 3 1
 1 -1 10 2 -1 8 3 -1 6 4 -1 4 5 1 2 6 -1 1 1 -1 18 2 -1 17 3 -1 15 4 -1 13 5 1
 11 7 -1 1 1 -1 26 2 -1 25 3 -1 23 4 -1 21 6 1 11 7 -1 2 1 -2 32 2 -2 29 3 -2 28
 5 1 20 6 -1 12 7 1 3 1 -2 36 2 -2 33 4 -2 28 5 1 22 6 -1 14 7 1 5 1 -2 37 3 -2
 34 4 -2 30 5 1 24 6 -1 16 7 1 7 2 -2 37 3 -2 35 4 -2 31 5 1 27 6 -1 19 7 1 9
 37 71 185 5254 4 1 1 5 2 1
 1 -1 9 2 -1 6 3 -1 5 4 -1 2 5 1 1 1 -1 17 2 -1 15 3 -1 13 4 -1 11 6 1 1 1 -2 23
 2 -2 19 3 -2 18 5 1 10 6 -1 3 1 2 24 2 2 21 3 0 9 5 -1 11 6 1 2 1 -2 29 2 -2 25
 4 -2 18 5 1 12 6 -1 4 1 2 30 2 2 27 4 0 9 5 -1 13 6 1 5 1 -2 31 3 -2 26 4 -2 20
 5 1 14 6 -1 7 1 0 9 3 -2 27 4 -2 21 5 -1 15 6 1 6 2 -2 31 3 -2 28 4 -2 22 5 1
 16 6 -1 8 2 0 9 3 -2 30 4 -2 24 5 -1 17 6 1 9 1 -1 39 2 -1 37 3 -1 35 4 -1 33 7
 1 1 1 -2 46 2 -2 41 3 -2 40 5 1 32 7 -1 3 1 2 44 2 2 43 3 0 9 5 -1 33 7 1 2 1 -2
 52 2 -2 47 4 -2 40 5 1 34 7 -1 4 1 2 50 2 2 49 4 0 9 5 -1 35 7 1 5 1 -2 53 3 -2
 48 4 -2 42 5 1 36 7 -1 7 1 0 9 3 -2 49 4 -2 43 5 -1 37 7 1 6 2 0 9 3 -2 50 4 -2
 44 5 -1 39 7 1 9 2 -2 53 3 -2 51 4 -2 45 5 1 38 7 -1 8 1 -2 60 2 -2 55 3 -2 54
 6 1 32 7 -1 10 1 2 58 2 2 57 3 0 9 6 -1 33 7 1 11 1 -2 66 2 -2 61 4 -2 54 6 1
 34 7 -1 12 1 2 64 2 2 63 4 0 9 6 -1 35 7 1 13 1 -2 67 3 -2 62 4 -2 56 6 1 36 7
 -1 14 1 0 9 3 -2 63 4 -2 57 6 -1 37 7 1 15 2 0 9 3 -2 64 4 -2 58 6 -1 39 7 1 17
 2 -2 67 3 -2 65 4 -2 59 6 1 38 7 -1 16 1 2 69 2 2 68 5 -1 54 6 1 40 7 -1 18 1 0
 9 3 -2 68 5 -1 55 6 1 41 7 -1 19 1 -2 70 3 0 9 5 -1 56 6 1 42 7 -1 20 2 -2 70 3
 0 9 5 -1 59 6 1 45 7 -1 22 2 0 9 3 -2 69 5 -1 60 6 1 46 7 -1 23 1 0 9 4 -2 68 5
 -1 61 6 1 47 7 -1 25 1 -2 71 4 0 9 5 -1 62 6 1 48 7 -1 26 2 -2 71 4 0 9 5 -1 65
 6 1 51 7 -1 28 2 0 9 4 -2 69 5 -1 66 6 1 52 7 -1 29 3 2 71 4 2 70 5 -1 67 6 1
 53 7 -1 31
 71 58 284 5439 3 0 1 4 1 1
 1 1 4 2 1 3 3 1 2 4 1 1 1 -2 11 2 -2 8 3 0 4 5 1 1 1 -2 10 2 -2 6 3 -2 5 5 1 1
 1 -2 16 2 -2 13 4 -2 5 5 1 2 1 -2 17 2 -2 14 4 0 4 5 1 2 1 0 4 3 2 14 4 2 8 5 1
 3 1 -2 18 3 -2 12 4 -2 7 5 1 3 2 -2 18 3 -2 15 4 -2 9 5 1 4 2 0 4 3 2 17 4 2 11
 5 1 4 1 -2 25 2 -2 20 3 -2 19 6 1 1 1 -2 24 2 -2 22 3 0 4 6 1 1 1 -2 30 2 -2 27
 4 -2 19 6 1 2 1 -2 31 2 -2 28 4 0 4 6 1 2 1 -2 32 3 -2 26 4 -2 21 6 1 3 1 0 4 3
 2 28 4 2 22 6 1 3 2 -2 32 3 -2 29 4 -2 23 6 1 4 2 0 4 3 2 31 4 2 24 6 1 4 1 2
 34 2 2 33 5 -1 19 6 1 5 1 0 4 3 -2 33 5 -1 20 6 1 6 1 -2 35 3 0 4 5 -1 21 6 1 7
 1 0 4 3 0 4 5 -1 22 6 1 8 2 -2 35 3 0 4 5 -1 23 6 1 9 2 0 4 3 -2 34 5 -1 25 6 1
 10 2 0 4 3 0 4 5 -1 24 6 1 11 1 0 4 4 -2 33 5 -1 27 6 1 13 1 -2 36 4 0 4 5 -1
 26 6 1 12 1 0 4 4 0 4 5 -1 28 6 1 14 2 -2 36 4 0 4 5 -1 29 6 1 15 2 0 4 4 -2 34
 5 -1 30 6 1 16 2 0 4 4 0 4 5 -1 31 6 1 17 3 2 36 4 2 35 5 -1 32 6 1 18 1 -2 41
 2 -2 39 3 -2 37 7 1 1 1 -2 42 2 -2 40 3 0 4 7 1 1 1 -2 47 2 -2 45 4 -2 37 7 1 2
 1 -2 49 2 -2 46 4 0 4 7 1 2 1 -2 50 3 -2 44 4 -2 38 7 1 3 1 0 4 3 2 46 4 2 40 7
 1 3 2 -2 50 3 -2 48 4 -2 43 7 1 4 2 0 4 3 2 49 4 2 42 7 1 4 1 2 52 2 2 51 5 -1
 37 7 1 5 1 0 4 3 -2 51 5 -1 39 7 1 6 1 -2 53 3 0 4 5 -1 38 7 1 7 1 0 4 3 0 4 5
 -1 40 7 1 8 2 0 4 3 0 4 5 -1 42 7 1 11 2 -2 53 3 0 4 5 -1 43 7 1 9 2 0 4 3 -2
 52 5 -1 41 7 1 10 1 0 4 4 -2 51 5 -1 45 7 1 13 1 -2 54 4 0 4 5 -1 44 7 1 12 1 0
 4 4 0 4 5 -1 46 7 1 14 2 0 4 4 0 4 5 -1 49 7 1 17 2 -2 54 4 0 4 5 -1 48 7 1 15
 2 0 4 4 -2 52 5 -1 47 7 1 16 3 2 54 4 2 53 5 -1 50 7 1 18 1 2 56 2 2 55 6 -1 37
 7 1 19 1 0 4 3 -2 55 6 -1 39 7 1 20 1 -2 57 3 0 4 6 -1 38 7 1 21 1 0 4 3 0 4 6
 -1 40 7 1 22 2 0 4 3 0 4 6 -1 42 7 1 24 2 -2 57 3 0 4 6 -1 43 7 1 23 2 0 4 3 -2
 56 6 -1 41 7 1 25 1 0 4 4 -2 55 6 -1 45 7 1 27 1 -2 58 4 0 4 6 -1 44 7 1 26 1 0
 4 4 0 4 6 -1 46 7 1 28 2 0 4 4 0 4 6 -1 49 7 1 31 2 -2 58 4 0 4 6 -1 48 7 1 29
 2 0 4 4 -2 56 6 -1 47 7 1 30 3 2 58 4 2 57 6 -1 50 7 1 32 1 0 4 5 1 55 6 -1 51
 7 1 33 2 0 4 5 1 56 6 -1 52 7 1 34 3 0 4 5 1 57 6 -1 53 7 1 35 4 0 4 5 1 58 6 -1
 54 7 1 36
 58 18 174 5723 2 0 0 3 0 1
 1 -2 3 2 -2 2 3 1 1 1 -2 5 2 -2 4 4 1 1 1 1 6 3 -2 4 4 -2 2 2 1 6 3 -2 5 4 -2 3
 1 -2 8 2 -2 7 5 1 1 1 -2 9 3 1 7 5 -2 2 1 1 9 3 -2 7 5 -2 2 1 -1 9 3 1 7 5 0 3
 2 1 9 3 -2 8 5 -2 3 2 -2 9 3 1 8 5 -2 3 2 -1 9 3 1 8 5 0 3 1 1 10 4 -2 7 5 -2 4
 1 -2 10 4 1 7 5 -2 4 1 -1 10 4 1 7 5 0 3 2 1 10 4 -2 8 5 -2 5 2 -2 10 4 1 8 5 -2
 5 2 -1 10 4 1 8 5 0 3 3 -2 10 4 -2 9 5 1 6 1 -2 12 2 -2 11 6 1 1 1 -2 13 3 1 11
 6 -2 2 1 1 13 3 -2 11 6 -2 2 1 -1 13 3 1 11 6 0 3 2 1 13 3 -2 12 6 -2 3 2 -1 13
 3 1 12 6 0 3 2 -2 13 3 1 12 6 -2 3 1 1 14 4 -2 11 6 -2 4 1 -2 14 4 1 11 6 -2 4
 1 -1 14 4 1 11 6 0 3 2 1 14 4 -2 12 6 -2 5 2 -2 14 4 1 12 6 -2 5 2 -1 14 4 1 12
 6 0 3 3 -2 14 4 -2 13 6 1 6 1 0 3 5 -1 11 6 1 7 2 0 3 5 -1 12 6 1 8 3 0 3 5 -1
 13 6 1 9 4 0 3 5 -1 14 6 1 10 1 -2 16 2 -2 15 7 1 1 1 1 17 3 -2 15 7 -2 2 1 -2
 17 3 1 15 7 -2 2 1 -1 17 3 1 15 7 0 3 2 -2 17 3 1 16 7 -2 3 2 -1 17 3 1 16 7 0
 3 2 1 17 3 -2 16 7 -2 3 1 1 18 4 -2 15 7 -2 4 1 -2 18 4 1 15 7 -2 4 1 -1 18 4 1
 15 7 0 3 2 -2 18 4 1 16 7 -2 5 2 1 18 4 -2 16 7 -2 5 2 -1 18 4 1 16 7 0 3 3 -2
 18 4 -2 17 7 1 6 1 0 3 5 -1 15 7 1 7 2 0 3 5 -1 16 7 1 8 3 0 3 5 -1 17 7 1 9 4
 0 3 5 -1 18 7 1 10 1 0 3 6 -1 15 7 1 11 2 0 3 6 -1 16 7 1 12 3 0 3 6 -1 17 7 1
 13 4 0 3 6 -1 18 7 1 14
 18 7 36 5897 1 0 1 2 0 0
 1 1 2 2 1 1 1 1 3 3 1 1 2 1 3 3 1 2 1 1 4 4 1 1 2 1 4 4 1 2 3 1 4 4 1 3 1 1 5 5
 1 1 2 1 5 5 1 2 3 1 5 5 1 3 4 1 5 5 1 4 1 1 6 6 1 1 2 1 6 6 1 2 3 1 6 6 1 3 4 1
 6 6 1 4 1 1 7 7 1 1 2 1 7 7 1 2 3 1 7 7 1 3 4 1 7 7 1 4
 1 37 42 5933 5 2 1 7 3 0
 0 -2 37 0 -2 36 0 -2 32 0 2 26 0 -2 18 0 2 10 0 -2 37 0 -2 33 0 -2 29 0 2 25 0
 -2 17 0 2 8 0 -2 35 0 -2 34 0 -2 28 0 2 23 0 -2 15 0 2 6 0 -2 31 0 -2 30 0 -2
 28 0 2 21 0 -2 13 0 2 4 0 1 27 0 1 24 0 1 22 0 1 20 0 2 11 0 -2 2 0 -1 19 0 -1
 16 0 -1 14 0 -1 12 0 -2 11 0 2 1 0 1 9 0 1 7 0 1 5 0 1 3 0 2 2 0 -2 1
 1 71 210 5975 4 1 1 7 3 0
 0 0 71 0 0 71 0 0 71 0 0 71 0 0 71 0 -4 71 0 4 69 0 -4 64 0 4 50 0 -4 30 0 -4
 70 0 4 69 0 -4 58 0 4 44 0 -4 24 0 2 67 0 2 66 0 2 60 0 2 39 0 -2 17 0 -2 53 0
 -2 52 0 -2 46 0 -2 39 0 2 9 0 2 31 0 2 29 0 2 23 0 2 17 0 -2 9 0 0 71 0 0 71 0
 0 71 0 0 71 0 0 71 0 -4 71 0 4 68 0 -4 63 0 4 49 0 -4 27 0 -4 70 0 4 68 0 -4 57
 0 4 43 0 -4 21 0 2 67 0 2 61 0 2 55 0 2 37 0 -2 15 0 -2 53 0 -2 47 0 -2 41 0 -2
 37 0 2 6 0 2 31 0 2 25 0 2 19 0 2 15 0 -2 6 0 4 71 0 -4 69 0 4 64 0 -4 50 0 4
 30 0 4 71 0 -4 68 0 4 63 0 -4 49 0 4 27 0 0 71 0 0 71 0 0 71 0 0 71 0 0 71 0 2
 65 0 2 62 0 2 54 0 2 35 0 -2 13 0 -2 51 0 -2 48 0 -2 40 0 -2 35 0 2 5 0 2 28 0
 2 26 0 2 18 0 2 13 0 -2 5 0 4 70 0 -4 69 0 4 58 0 -4 44 0 4 24 0 4 70 0 -4 68 0
 4 57 0 -4 43 0 4 21 0 0 71 0 0 71 0 0 71 0 0 71 0 0 71 0 2 59 0 2 56 0 2 54 0 2
 33 0 -2 11 0 -2 45 0 -2 42 0 -2 40 0 -2 33 0 2 2 0 2 22 0 2 20 0 2 18 0 2 11 0
 -2 2 0 -2 67 0 -2 66 0 -2 60 0 -2 39 0 2 17 0 -2 67 0 -2 61 0 -2 55 0 -2 37 0 2
 15 0 -2 65 0 -2 62 0 -2 54 0 -2 35 0 2 13 0 -2 59 0 -2 56 0 -2 54 0 -2 33 0 2
 11 0 1 38 0 1 36 0 1 34 0 1 32 0 -2 1 0 -1 16 0 -1 14 0 -1 12 0 -1 10 0 2 1 0 2
 53 0 2 52 0 2 46 0 2 39 0 -2 9 0 2 53 0 2 47 0 2 41 0 2 37 0 -2 6 0 2 51 0 2 48
 0 2 40 0 2 35 0 -2 5 0 2 45 0 2 42 0 2 40 0 2 33 0 -2 2 0 -1 38 0 -1 36 0 -1 34
 0 -1 32 0 2 1 0 1 8 0 1 7 0 1 4 0 1 3 0 -2 1 0 -2 31 0 -2 29 0 -2 23 0 -2 17 0
 2 9 0 -2 31 0 -2 25 0 -2 19 0 -2 15 0 2 6 0 -2 28 0 -2 26 0 -2 18 0 -2 13 0 2 5
 0 -2 22 0 -2 20 0 -2 18 0 -2 11 0 2 2 0 1 16 0 1 14 0 1 12 0 1 10 0 -2 1 0 -1 8
 0 -1 7 0 -1 4 0 -1 3 0 2 1
 1 58 840 6185 3 0 1 7 3 0
 0 0 58 0 0 58 0 0 58 0 0 58 0 0 58 0 0 58 0 0 58 0 0 58 0 0 58 0 0 58 0 0 58 0
 0 58 0 0 58 0 0 58 0 0 58 0 0 58 0 0 58 0 0 58 0 0 58 0 0 58 0 0 58 0 0 58 0 0
 58 0 0 58 0 0 58 0 0 58 0 0 58 0 0 58 0 -4 58 0 4 56 0 -4 49 0 4 31 0 4 54 0 -4
 52 0 4 49 0 -4 17 0 -4 36 0 4 34 0 -4 31 0 4 17 0 0 58 0 0 58 0 0 58 0 0 58 0 0
 58 0 0 58 0 0 58 0 0 58 0 -4 57 0 4 56 0 -4 42 0 4 24 0 4 53 0 -4 52 0 4 42 0 -4
 11 0 -4 35 0 4 34 0 -4 24 0 4 11 0 0 58 0 0 58 0 0 58 0 0 58 0 4 58 0 -4 56 0 4
 49 0 -4 31 0 4 57 0 -4 56 0 4 42 0 -4 24 0 -2 50 0 -2 47 0 -2 41 0 -2 4 0 2 32
 0 2 30 0 2 25 0 2 4 0 0 58 0 0 58 0 0 58 0 0 58 0 -4 54 0 4 52 0 -4 49 0 4 17 0
 -4 53 0 4 52 0 -4 42 0 4 11 0 2 50 0 2 47 0 2 41 0 2 4 0 -2 18 0 -2 16 0 -2 10
 0 -2 4 0 0 58 0 0 58 0 0 58 0 0 58 0 4 36 0 -4 34 0 4 31 0 -4 17 0 4 35 0 -4 34
 0 4 24 0 -4 11 0 -2 32 0 -2 30 0 -2 25 0 -2 4 0 2 18 0 2 16 0 2 10 0 2 4 0 0 58
 0 0 58 0 0 58 0 0 58 0 0 58 0 0 58 0 0 58 0 0 58 0 0 58 0 0 58 0 0 58 0 0 58 0
 0 58 0 0 58 0 0 58 0 0 58 0 0 58 0 0 58 0 0 58 0 0 58 0 0 58 0 0 58 0 0 58 0 0
 58 0 0 58 0 0 58 0 0 58 0 0 58 0 -4 58 0 4 55 0 -4 46 0 4 28 0 4 54 0 -4 51 0 4
 46 0 -4 14 0 -4 36 0 4 33 0 -4 28 0 4 14 0 0 58 0 0 58 0 0 58 0 0 58 0 0 58 0 0
 58 0 0 58 0 0 58 0 -4 57 0 4 55 0 -4 40 0 4 22 0 4 53 0 -4 51 0 4 40 0 -4 8 0 -4
 35 0 4 33 0 -4 22 0 4 8 0 0 58 0 0 58 0 0 58 0 0 58 0 4 58 0 -4 55 0 4 46 0 -4
 28 0 4 57 0 -4 55 0 4 40 0 -4 22 0 -2 50 0 -2 45 0 -2 39 0 -2 3 0 2 32 0 2 27 0
 2 20 0 2 3 0 0 58 0 0 58 0 0 58 0 0 58 0 -4 54 0 4 51 0 -4 46 0 4 14 0 -4 53 0
 4 51 0 -4 40 0 4 8 0 2 50 0 2 45 0 2 39 0 2 3 0 -2 18 0 -2 13 0 -2 6 0 -2 3 0 0
 58 0 0 58 0 0 58 0 0 58 0 4 36 0 -4 33 0 4 28 0 -4 14 0 4 35 0 -4 33 0 4 22 0 -4
 8 0 -2 32 0 -2 27 0 -2 20 0 -2 3 0 2 18 0 2 13 0 2 6 0 2 3 0 0 58 0 0 58 0 0 58
 0 0 58 0 0 58 0 0 58 0 0 58 0 0 58 0 4 58 0 -4 56 0 4 49 0 -4 31 0 -4 54 0 4 52
 0 -4 49 0 4 17 0 4 36 0 -4 34 0 4 31 0 -4 17 0 0 58 0 0 58 0 0 58 0 0 58 0 0 58
 0 0 58 0 0 58 0 0 58 0 4 58 0 -4 55 0 4 46 0 -4 28 0 -4 54 0 4 51 0 -4 46 0 4
 14 0 4 36 0 -4 33 0 4 28 0 -4 14 0 0 58 0 0 58 0 0 58 0 0 58 0 0 58 0 0 58 0 0
 58 0 0 58 0 0 58 0 0 58 0 0 58 0 0 58 0 0 58 0 0 58 0 0 58 0 0 58 0 0 58 0 0 58
 0 0 58 0 0 58 0 -4 58 0 4 56 0 -4 49 0 4 31 0 -4 58 0 4 55 0 -4 46 0 4 28 0 0
 58 0 0 58 0 0 58 0 0 58 0 -2 48 0 -2 44 0 -2 37 0 -2 2 0 2 29 0 2 26 0 2 19 0 2
 2 0 4 54 0 -4 52 0 4 49 0 -4 17 0 4 54 0 -4 51 0 4 46 0 -4 14 0 0 58 0 0 58 0 0
 58 0 0 58 0 2 48 0 2 44 0 2 37 0 2 2 0 -2 15 0 -2 12 0 -2 5 0 -2 2 0 -4 36 0 4
 34 0 -4 31 0 4 17 0 -4 36 0 4 33 0 -4 28 0 4 14 0 0 58 0 0 58 0 0 58 0 0 58 0 -2
 29 0 -2 26 0 -2 19 0 -2 2 0 2 15 0 2 12 0 2 5 0 2 2 0 0 58 0 0 58 0 0 58 0 0 58
 0 0 58 0 0 58 0 0 58 0 0 58 0 4 57 0 -4 56 0 4 42 0 -4 24 0 -4 53 0 4 52 0 -4
 42 0 4 11 0 4 35 0 -4 34 0 4 24 0 -4 11 0 0 58 0 0 58 0 0 58 0 0 58 0 0 58 0 0
 58 0 0 58 0 0 58 0 4 57 0 -4 55 0 4 40 0 -4 22 0 -4 53 0 4 51 0 -4 40 0 4 8 0 4
 35 0 -4 33 0 4 22 0 -4 8 0 0 58 0 0 58 0 0 58 0 0 58 0 0 58 0 0 58 0 0 58 0 0
 58 0 0 58 0 0 58 0 0 58 0 0 58 0 0 58 0 0 58 0 0 58 0 0 58 0 0 58 0 0 58 0 0 58
 0 0 58 0 -4 57 0 4 56 0 -4 42 0 4 24 0 -4 57 0 4 55 0 -4 40 0 4 22 0 0 58 0 0
 58 0 0 58 0 0 58 0 -2 43 0 -2 38 0 -2 37 0 -2 1 0 2 23 0 2 21 0 2 19 0 2 1 0 4
 53 0 -4 52 0 4 42 0 -4 11 0 4 53 0 -4 51 0 4 40 0 -4 8 0 0 58 0 0 58 0 0 58 0 0
 58 0 2 43 0 2 38 0 2 37 0 2 1 0 -2 9 0 -2 7 0 -2 5 0 -2 1 0 -4 35 0 4 34 0 -4
 24 0 4 11 0 -4 35 0 4 33 0 -4 22 0 4 8 0 0 58 0 0 58 0 0 58 0 0 58 0 -2 23 0 -2
 21 0 -2 19 0 -2 1 0 2 9 0 2 7 0 2 5 0 2 1 0 0 58 0 0 58 0 0 58 0 0 58 0 -4 58 0
 4 56 0 -4 49 0 4 31 0 -4 57 0 4 56 0 -4 42 0 4 24 0 2 50 0 2 47 0 2 41 0 2 4 0
 -2 32 0 -2 30 0 -2 25 0 -2 4 0 0 58 0 0 58 0 0 58 0 0 58 0 -4 58 0 4 55 0 -4 46
 0 4 28 0 -4 57 0 4 55 0 -4 40 0 4 22 0 2 50 0 2 45 0 2 39 0 2 3 0 -2 32 0 -2 27
 0 -2 20 0 -2 3 0 4 58 0 -4 56 0 4 49 0 -4 31 0 4 58 0 -4 55 0 4 46 0 -4 28 0 0
 58 0 0 58 0 0 58 0 0 58 0 2 48 0 2 44 0 2 37 0 2 2 0 -2 29 0 -2 26 0 -2 19 0 -2
 2 0 4 57 0 -4 56 0 4 42 0 -4 24 0 4 57 0 -4 55 0 4 40 0 -4 22 0 0 58 0 0 58 0 0
 58 0 0 58 0 2 43 0 2 38 0 2 37 0 2 1 0 -2 23 0 -2 21 0 -2 19 0 -2 1 0 -2 50 0 -2
 47 0 -2 41 0 -2 4 0 -2 50 0 -2 45 0 -2 39 0 -2 3 0 -2 48 0 -2 44 0 -2 37 0 -2 2
 0 -2 43 0 -2 38 0 -2 37 0 -2 1 0 1 4 0 1 3 0 1 2 0 1 1 0 2 32 0 2 30 0 2 25 0 2
 4 0 2 32 0 2 27 0 2 20 0 2 3 0 2 29 0 2 26 0 2 19 0 2 2 0 2 23 0 2 21 0 2 19 0
 2 1 0 -1 4 0 -1 3 0 -1 2 0 -1 1 0 0 58 0 0 58 0 0 58 0 0 58 0 4 54 0 -4 52 0 4
 49 0 -4 17 0 4 53 0 -4 52 0 4 42 0 -4 11 0 -2 50 0 -2 47 0 -2 41 0 -2 4 0 2 18
 0 2 16 0 2 10 0 2 4 0 0 58 0 0 58 0 0 58 0 0 58 0 4 54 0 -4 51 0 4 46 0 -4 14 0
 4 53 0 -4 51 0 4 40 0 -4 8 0 -2 50 0 -2 45 0 -2 39 0 -2 3 0 2 18 0 2 13 0 2 6 0
 2 3 0 -4 54 0 4 52 0 -4 49 0 4 17 0 -4 54 0 4 51 0 -4 46 0 4 14 0 0 58 0 0 58 0
 0 58 0 0 58 0 -2 48 0 -2 44 0 -2 37 0 -2 2 0 2 15 0 2 12 0 2 5 0 2 2 0 -4 53 0
 4 52 0 -4 42 0 4 11 0 -4 53 0 4 51 0 -4 40 0 4 8 0 0 58 0 0 58 0 0 58 0 0 58 0
 -2 43 0 -2 38 0 -2 37 0 -2 1 0 2 9 0 2 7 0 2 5 0 2 1 0 2 50 0 2 47 0 2 41 0 2 4
 0 2 50 0 2 45 0 2 39 0 2 3 0 2 48 0 2 44 0 2 37 0 2 2 0 2 43 0 2 38 0 2 37 0 2
 1 0 -1 4 0 -1 3 0 -1 2 0 -1 1 0 -2 18 0 -2 16 0 -2 10 0 -2 4 0 -2 18 0 -2 13 0
 -2 6 0 -2 3 0 -2 15 0 -2 12 0 -2 5 0 -2 2 0 -2 9 0 -2 7 0 -2 5 0 -2 1 0 1 4 0 1
 3 0 1 2 0 1 1 0 0 58 0 0 58 0 0 58 0 0 58 0 -4 36 0 4 34 0 -4 31 0 4 17 0 -4 35
 0 4 34 0 -4 24 0 4 11 0 2 32 0 2 30 0 2 25 0 2 4 0 -2 18 0 -2 16 0 -2 10 0 -2 4
 0 0 58 0 0 58 0 0 58 0 0 58 0 -4 36 0 4 33 0 -4 28 0 4 14 0 -4 35 0 4 33 0 -4
 22 0 4 8 0 2 32 0 2 27 0 2 20 0 2 3 0 -2 18 0 -2 13 0 -2 6 0 -2 3 0 4 36 0 -4
 34 0 4 31 0 -4 17 0 4 36 0 -4 33 0 4 28 0 -4 14 0 0 58 0 0 58 0 0 58 0 0 58 0 2
 29 0 2 26 0 2 19 0 2 2 0 -2 15 0 -2 12 0 -2 5 0 -2 2 0 4 35 0 -4 34 0 4 24 0 -4
 11 0 4 35 0 -4 33 0 4 22 0 -4 8 0 0 58 0 0 58 0 0 58 0 0 58 0 2 23 0 2 21 0 2
 19 0 2 1 0 -2 9 0 -2 7 0 -2 5 0 -2 1 0 -2 32 0 -2 30 0 -2 25 0 -2 4 0 -2 32 0 -2
 27 0 -2 20 0 -2 3 0 -2 29 0 -2 26 0 -2 19 0 -2 2 0 -2 23 0 -2 21 0 -2 19 0 -2 1
 0 1 4 0 1 3 0 1 2 0 1 1 0 2 18 0 2 16 0 2 10 0 2 4 0 2 18 0 2 13 0 2 6 0 2 3 0
 2 15 0 2 12 0 2 5 0 2 2 0 2 9 0 2 7 0 2 5 0 2 1 0 -1 4 0 -1 3 0 -1 2 0 -1 1
 1 18 42 7025 5 3 0 7 3 0
 0 1 18 0 -2 17 0 -2 15 0 -2 12 0 2 8 0 -2 4 0 1 18 0 -2 16 0 -2 14 0 -2 11 0 2
 7 0 -2 3 0 -2 17 0 -2 16 0 1 13 0 -2 10 0 2 6 0 -2 2 0 -2 15 0 -2 14 0 1 13 0 -2
 9 0 2 5 0 -2 1 0 -2 12 0 -2 11 0 -2 10 0 -2 9 0 0 18 0 0 18 0 2 8 0 2 7 0 2 6 0
 2 5 0 0 18 0 0 18 0 -2 4 0 -2 3 0 -2 2 0 -2 1 0 0 18 0 0 18
 18 58 90 7067 4 2 0 5 3 0
 1 -2 15 2 -2 11 3 1 9 5 -1 5 6 1 1 1 -2 21 2 -2 17 4 1 9 5 -1 6 6 1 2 1 1 22 3
 -2 18 4 -2 12 5 -1 7 6 1 3 2 1 22 3 -2 20 4 -2 14 5 -1 8 6 1 4 1 -2 33 2 -2 29
 3 1 27 5 -1 23 7 1 1 1 -2 39 2 -2 35 4 1 27 5 -1 24 7 1 2 1 1 40 3 -2 36 4 -2
 30 5 -1 25 7 1 3 2 1 40 3 -2 38 4 -2 32 5 -1 26 7 1 4 1 -2 47 2 -2 43 3 1 41 6
 -1 23 7 1 5 1 -2 53 2 -2 49 4 1 41 6 -1 24 7 1 6 1 1 54 3 -2 50 4 -2 44 6 -1 25
 7 1 7 2 1 54 3 -2 52 4 -2 46 6 -1 26 7 1 8 1 -2 56 2 -2 55 5 1 41 6 -1 27 7 1 9
 1 -2 57 3 -2 55 5 1 42 6 -1 28 7 1 10 2 -2 57 3 -2 56 5 1 45 6 -1 31 7 1 13 1 -2
 58 4 -2 55 5 1 48 6 -1 34 7 1 16 2 -2 58 4 -2 56 5 1 51 6 -1 37 7 1 19 3 -2 58
 4 -2 57 5 1 54 6 -1 40 7 1 22
 58 58 232 7157 3 1 0 4 2 0
 1 -2 11 2 -2 6 3 1 5 5 -1 1 1 -2 17 2 -2 12 4 1 5 5 -1 2 1 1 18 3 -2 14 4 -2 8
 5 -1 3 2 1 18 3 -2 15 4 -2 9 5 -1 4 1 -2 25 2 -2 21 3 1 19 6 -1 1 1 -2 31 2 -2
 27 4 1 19 6 -1 2 1 1 32 3 -2 28 4 -2 22 6 -1 3 2 1 32 3 -2 30 4 -2 24 6 -1 4 1
 -2 34 2 -2 33 5 1 19 6 -1 5 1 -2 35 3 -2 33 5 1 20 6 -1 7 1 0 11 3 -1 33 5 1 21
 6 -1 6 1 -1 35 3 0 11 5 1 22 6 -1 8 2 -2 35 3 -2 34 5 1 23 6 -1 10 2 -1 35 3 0
 11 5 1 24 6 -1 9 2 0 11 3 -1 34 5 1 25 6 -1 11 1 -2 36 4 -2 33 5 1 26 6 -1 13 1
 0 11 4 -1 33 5 1 27 6 -1 12 1 -1 36 4 0 11 5 1 28 6 -1 14 2 -2 36 4 -2 34 5 1
 29 6 -1 16 2 -1 36 4 0 11 5 1 30 6 -1 15 2 0 11 4 -1 34 5 1 31 6 -1 17 3 -2 36
 4 -2 35 5 1 32 6 -1 18 1 -2 43 2 -2 39 3 1 37 7 -1 1 1 -2 49 2 -2 45 4 1 37 7 -1
 2 1 1 50 3 -2 46 4 -2 40 7 -1 3 2 1 50 3 -2 48 4 -2 42 7 -1 4 1 -2 52 2 -2 51 5
 1 37 7 -1 5 1 -2 53 3 -2 51 5 1 38 7 -1 7 1 0 11 3 -1 51 5 1 39 7 -1 6 1 -1 53
 3 0 11 5 1 40 7 -1 8 2 -2 53 3 -2 52 5 1 41 7 -1 10 2 -1 53 3 0 11 5 1 42 7 -1
 9 2 0 11 3 -1 52 5 1 43 7 -1 11 1 -2 54 4 -2 51 5 1 44 7 -1 13 1 0 11 4 -1 51 5
 1 45 7 -1 12 1 -1 54 4 0 11 5 1 46 7 -1 14 2 -2 54 4 -2 52 5 1 47 7 -1 16 2 -1
 54 4 0 11 5 1 48 7 -1 15 2 0 11 4 -1 52 5 1 49 7 -1 17 3 -2 54 4 -2 53 5 1 50 7
 -1 18 1 -2 56 2 -2 55 6 1 37 7 -1 19 1 -2 57 3 -2 55 6 1 38 7 -1 20 1 0 11 3 -1
 55 6 1 39 7 -1 21 1 -1 57 3 0 11 6 1 40 7 -1 22 2 -2 57 3 -2 56 6 1 41 7 -1 23
 2 -1 57 3 0 11 6 1 42 7 -1 24 2 0 11 3 -1 56 6 1 43 7 -1 25 1 -2 58 4 -2 55 6 1
 44 7 -1 26 1 0 11 4 -1 55 6 1 45 7 -1 27 1 -1 58 4 0 11 6 1 46 7 -1 28 2 -2 58
 4 -2 56 6 1 47 7 -1 29 2 -1 58 4 0 11 6 1 48 7 -1 30 2 0 11 4 -1 56 6 1 49 7 -1
 31 3 -2 58 4 -2 57 6 1 50 7 -1 32 1 0 11 5 -1 55 6 1 51 7 -1 33 2 0 11 5 -1 56
 6 1 52 7 -1 34 3 0 11 5 -1 57 6 1 53 7 -1 35 4 0 11 5 -1 58 6 1 54 7 -1 36
 58 18 174 7389 2 0 0 3 1 0
 1 -2 3 2 -2 2 3 1 1 1 -2 5 2 -2 4 4 1 1 1 1 6 3 -2 4 4 -2 2 2 1 6 3 -2 5 4 -2 3
 1 -2 8 2 -2 7 5 1 1 1 0 3 3 -1 7 5 1 2 1 -2 9 3 -2 7 5 1 2 1 -1 9 3 0 3 5 1 2 2
 -1 9 3 0 3 5 1 3 2 -2 9 3 -2 8 5 1 3 2 0 3 3 -1 8 5 1 3 1 0 3 4 -1 7 5 1 4 1 -2
 10 4 -2 7 5 1 4 1 -1 10 4 0 3 5 1 4 2 -1 10 4 0 3 5 1 5 2 -2 10 4 -2 8 5 1 5 2
 0 3 4 -1 8 5 1 5 3 -2 10 4 -2 9 5 1 6 1 -2 12 2 -2 11 6 1 1 1 -2 13 3 -2 11 6 1
 2 1 0 3 3 -1 11 6 1 2 1 -1 13 3 0 3 6 1 2 2 -2 13 3 -2 12 6 1 3 2 -1 13 3 0 3 6
 1 3 2 0 3 3 -1 12 6 1 3 1 -2 14 4 -2 11 6 1 4 1 0 3 4 -1 11 6 1 4 1 -1 14 4 0 3
 6 1 4 2 -2 14 4 -2 12 6 1 5 2 -1 14 4 0 3 6 1 5 2 0 3 4 -1 12 6 1 5 3 -2 14 4 -2
 13 6 1 6 1 0 3 5 -1 11 6 1 7 2 0 3 5 -1 12 6 1 8 3 0 3 5 -1 13 6 1 9 4 0 3 5 -1
 14 6 1 10 1 -2 16 2 -2 15 7 1 1 1 -2 17 3 -2 15 7 1 2 1 0 3 3 -1 15 7 1 2 1 -1
 17 3 0 3 7 1 2 2 -2 17 3 -2 16 7 1 3 2 -1 17 3 0 3 7 1 3 2 0 3 3 -1 16 7 1 3 1
 -2 18 4 -2 15 7 1 4 1 0 3 4 -1 15 7 1 4 1 -1 18 4 0 3 7 1 4 2 -2 18 4 -2 16 7 1
 5 2 -1 18 4 0 3 7 1 5 2 0 3 4 -1 16 7 1 5 3 -2 18 4 -2 17 7 1 6 1 0 3 5 -1 15 7
 1 7 2 0 3 5 -1 16 7 1 8 3 0 3 5 -1 17 7 1 9 4 0 3 5 -1 18 7 1 10 1 0 3 6 -1 15
 7 1 11 2 0 3 6 -1 16 7 1 12 3 0 3 6 -1 17 7 1 13 4 0 3 6 -1 18 7 1 14
 1 58 210 7563 4 2 0 7 3 0
 0 4 58 0 4 57 0 -2 54 0 2 40 0 -2 22 0 4 58 0 -2 56 0 4 53 0 -4 39 0 4 21 0 4
 57 0 -2 56 0 4 47 0 -4 33 0 4 15 0 -2 54 0 4 53 0 4 47 0 0 58 0 0 58 0 2 40 0 -4
 39 0 -4 33 0 0 58 0 0 58 0 -2 22 0 4 21 0 4 15 0 0 58 0 0 58 0 4 58 0 4 57 0 -2
 54 0 2 40 0 -2 22 0 4 58 0 -2 55 0 4 49 0 -4 35 0 4 17 0 4 57 0 -2 55 0 4 43 0
 -4 29 0 4 11 0 -2 54 0 4 49 0 4 43 0 0 58 0 0 58 0 2 40 0 -4 35 0 -4 29 0 0 58
 0 0 58 0 -2 22 0 4 17 0 4 11 0 0 58 0 0 58 0 -2 58 0 4 56 0 4 52 0 -4 38 0 4 20
 0 -2 58 0 4 55 0 4 50 0 -4 36 0 4 18 0 4 56 0 4 55 0 -2 41 0 2 27 0 -2 9 0 4 52
 0 4 50 0 -2 41 0 0 58 0 0 58 0 -4 38 0 -4 36 0 2 27 0 0 58 0 0 58 0 4 20 0 4 18
 0 -2 9 0 0 58 0 0 58 0 -2 57 0 4 56 0 4 46 0 -4 32 0 4 14 0 -2 57 0 4 55 0 4 44
 0 -4 30 0 4 12 0 4 56 0 4 55 0 -2 41 0 2 27 0 -2 9 0 4 46 0 4 44 0 -2 41 0 0 58
 0 0 58 0 -4 32 0 -4 30 0 2 27 0 0 58 0 0 58 0 4 14 0 4 12 0 -2 9 0 0 58 0 0 58
 0 1 54 0 -2 51 0 -2 45 0 -2 26 0 2 8 0 1 54 0 -2 48 0 -2 42 0 -2 25 0 2 7 0 -2
 51 0 -2 48 0 1 41 0 -2 24 0 2 6 0 -2 45 0 -2 42 0 1 41 0 -2 23 0 2 5 0 -2 26 0
 -2 25 0 -2 24 0 -2 23 0 0 58 0 2 8 0 2 7 0 2 6 0 2 5 0 0 58 0 -1 40 0 2 37 0 2
 31 0 2 26 0 -2 4 0 -1 40 0 2 34 0 2 28 0 2 25 0 -2 3 0 2 37 0 2 34 0 -1 27 0 2
 24 0 -2 2 0 2 31 0 2 28 0 -1 27 0 2 23 0 -2 1 0 2 26 0 2 25 0 2 24 0 2 23 0 0
 58 0 -2 4 0 -2 3 0 -2 2 0 -2 1 0 0 58 0 1 22 0 -2 19 0 -2 13 0 -2 8 0 2 4 0 1
 22 0 -2 16 0 -2 10 0 -2 7 0 2 3 0 -2 19 0 -2 16 0 1 9 0 -2 6 0 2 2 0 -2 13 0 -2
 10 0 1 9 0 -2 5 0 2 1 0 -2 8 0 -2 7 0 -2 6 0 -2 5 0 0 58 0 2 4 0 2 3 0 2 2 0 2
 1 0 0 58
 1 58 840 7773 3 1 0 7 3 0
 0 0 58 0 0 58 0 0 58 0 0 58 0 0 58 0 0 58 0 0 58 0 0 58 0 0 58 0 0 58 0 0 58 0
 0 58 0 0 58 0 0 58 0 0 58 0 0 58 0 0 58 0 0 58 0 0 58 0 0 58 0 0 58 0 4 58 0 -4
 54 0 4 36 0 0 58 0 -4 56 0 4 52 0 -4 34 0 4 58 0 -4 56 0 0 58 0 0 58 0 -4 54 0
 4 52 0 0 58 0 0 58 0 4 36 0 -4 34 0 0 58 0 0 58 0 0 58 0 4 57 0 -4 53 0 4 35 0
 0 58 0 -4 56 0 4 52 0 -4 34 0 4 57 0 -4 56 0 0 58 0 0 58 0 -4 53 0 4 52 0 0 58
 0 0 58 0 4 35 0 -4 34 0 0 58 0 0 58 0 -4 58 0 -4 57 0 2 50 0 -2 32 0 -4 58 0 2
 56 0 -4 49 0 4 31 0 -4 57 0 2 56 0 -4 43 0 4 25 0 2 50 0 -4 49 0 -4 43 0 0 58 0
 -2 32 0 4 31 0 4 25 0 0 58 0 4 54 0 4 53 0 -2 50 0 2 18 0 4 54 0 -2 52 0 4 49 0
 -4 17 0 4 53 0 -2 52 0 4 43 0 -4 11 0 -2 50 0 4 49 0 4 43 0 0 58 0 2 18 0 -4 17
 0 -4 11 0 0 58 0 -4 36 0 -4 35 0 2 32 0 -2 18 0 -4 36 0 2 34 0 -4 31 0 4 17 0 -4
 35 0 2 34 0 -4 25 0 4 11 0 2 32 0 -4 31 0 -4 25 0 0 58 0 -2 18 0 4 17 0 4 11 0
 0 58 0 0 58 0 0 58 0 0 58 0 0 58 0 0 58 0 0 58 0 0 58 0 0 58 0 0 58 0 0 58 0 0
 58 0 0 58 0 0 58 0 0 58 0 0 58 0 0 58 0 0 58 0 0 58 0 0 58 0 0 58 0 0 58 0 4 58
 0 -4 54 0 4 36 0 0 58 0 -4 55 0 4 51 0 -4 33 0 4 58 0 -4 55 0 0 58 0 0 58 0 -4
 54 0 4 51 0 0 58 0 0 58 0 4 36 0 -4 33 0 0 58 0 0 58 0 0 58 0 4 57 0 -4 53 0 4
 35 0 0 58 0 -4 55 0 4 51 0 -4 33 0 4 57 0 -4 55 0 0 58 0 0 58 0 -4 53 0 4 51 0
 0 58 0 0 58 0 4 35 0 -4 33 0 0 58 0 0 58 0 -4 58 0 -4 57 0 2 50 0 -2 32 0 -4 58
 0 2 55 0 -4 45 0 4 27 0 -4 57 0 2 55 0 -4 39 0 4 21 0 2 50 0 -4 45 0 -4 39 0 0
 58 0 -2 32 0 4 27 0 4 21 0 0 58 0 4 54 0 4 53 0 -2 50 0 2 18 0 4 54 0 -2 51 0 4
 45 0 -4 12 0 4 53 0 -2 51 0 4 39 0 -4 6 0 -2 50 0 4 45 0 4 39 0 0 58 0 2 18 0 -4
 12 0 -4 6 0 0 58 0 -4 36 0 -4 35 0 2 32 0 -2 18 0 -4 36 0 2 33 0 -4 27 0 4 12 0
 -4 35 0 2 33 0 -4 21 0 4 6 0 2 32 0 -4 27 0 -4 21 0 0 58 0 -2 18 0 4 12 0 4 6 0
 0 58 0 0 58 0 -4 58 0 4 54 0 -4 36 0 0 58 0 4 56 0 -4 52 0 4 34 0 -4 58 0 4 56
 0 0 58 0 0 58 0 4 54 0 -4 52 0 0 58 0 0 58 0 -4 36 0 4 34 0 0 58 0 0 58 0 0 58
 0 -4 58 0 4 54 0 -4 36 0 0 58 0 4 55 0 -4 51 0 4 33 0 -4 58 0 4 55 0 0 58 0 0
 58 0 4 54 0 -4 51 0 0 58 0 0 58 0 -4 36 0 4 33 0 0 58 0 0 58 0 0 58 0 0 58 0 0
 58 0 0 58 0 0 58 0 0 58 0 0 58 0 0 58 0 0 58 0 0 58 0 0 58 0 0 58 0 0 58 0 0 58
 0 0 58 0 0 58 0 0 58 0 0 58 0 0 58 0 0 58 0 2 58 0 -4 56 0 -4 48 0 4 30 0 2 58
 0 -4 55 0 -4 46 0 4 28 0 -4 56 0 -4 55 0 2 37 0 -2 19 0 -4 48 0 -4 46 0 2 37 0
 0 58 0 4 30 0 4 28 0 -2 19 0 0 58 0 -2 54 0 4 52 0 4 48 0 -4 15 0 -2 54 0 4 51
 0 4 46 0 -4 14 0 4 52 0 4 51 0 -2 37 0 2 5 0 4 48 0 4 46 0 -2 37 0 0 58 0 -4 15
 0 -4 14 0 2 5 0 0 58 0 2 36 0 -4 34 0 -4 30 0 4 15 0 2 36 0 -4 33 0 -4 28 0 4
 14 0 -4 34 0 -4 33 0 2 19 0 -2 5 0 -4 30 0 -4 28 0 2 19 0 0 58 0 4 15 0 4 14 0
 -2 5 0 0 58 0 0 58 0 -4 57 0 4 53 0 -4 35 0 0 58 0 4 56 0 -4 52 0 4 34 0 -4 57
 0 4 56 0 0 58 0 0 58 0 4 53 0 -4 52 0 0 58 0 0 58 0 -4 35 0 4 34 0 0 58 0 0 58
 0 0 58 0 -4 57 0 4 53 0 -4 35 0 0 58 0 4 55 0 -4 51 0 4 33 0 -4 57 0 4 55 0 0
 58 0 0 58 0 4 53 0 -4 51 0 0 58 0 0 58 0 -4 35 0 4 33 0 0 58 0 0 58 0 0 58 0 0
 58 0 0 58 0 0 58 0 0 58 0 0 58 0 0 58 0 0 58 0 0 58 0 0 58 0 0 58 0 0 58 0 0 58
 0 0 58 0 0 58 0 0 58 0 0 58 0 0 58 0 0 58 0 0 58 0 2 57 0 -4 56 0 -4 42 0 4 24
 0 2 57 0 -4 55 0 -4 40 0 4 22 0 -4 56 0 -4 55 0 2 37 0 -2 19 0 -4 42 0 -4 40 0
 2 37 0 0 58 0 4 24 0 4 22 0 -2 19 0 0 58 0 -2 53 0 4 52 0 4 42 0 -4 9 0 -2 53 0
 4 51 0 4 40 0 -4 8 0 4 52 0 4 51 0 -2 37 0 2 5 0 4 42 0 4 40 0 -2 37 0 0 58 0 -4
 9 0 -4 8 0 2 5 0 0 58 0 2 35 0 -4 34 0 -4 24 0 4 9 0 2 35 0 -4 33 0 -4 22 0 4 8
 0 -4 34 0 -4 33 0 2 19 0 -2 5 0 -4 24 0 -4 22 0 2 19 0 0 58 0 4 9 0 4 8 0 -2 5
 0 0 58 0 4 58 0 4 57 0 -2 50 0 2 32 0 4 58 0 -2 56 0 4 49 0 -4 31 0 4 57 0 -2
 56 0 4 43 0 -4 25 0 -2 50 0 4 49 0 4 43 0 0 58 0 2 32 0 -4 31 0 -4 25 0 0 58 0
 4 58 0 4 57 0 -2 50 0 2 32 0 4 58 0 -2 55 0 4 45 0 -4 27 0 4 57 0 -2 55 0 4 39
 0 -4 21 0 -2 50 0 4 45 0 4 39 0 0 58 0 2 32 0 -4 27 0 -4 21 0 0 58 0 -2 58 0 4
 56 0 4 48 0 -4 30 0 -2 58 0 4 55 0 4 46 0 -4 28 0 4 56 0 4 55 0 -2 37 0 2 19 0
 4 48 0 4 46 0 -2 37 0 0 58 0 -4 30 0 -4 28 0 2 19 0 0 58 0 -2 57 0 4 56 0 4 42
 0 -4 24 0 -2 57 0 4 55 0 4 40 0 -4 22 0 4 56 0 4 55 0 -2 37 0 2 19 0 4 42 0 4
 40 0 -2 37 0 0 58 0 -4 24 0 -4 22 0 2 19 0 0 58 0 1 50 0 -2 47 0 -2 41 0 -2 4 0
 1 50 0 -2 44 0 -2 38 0 -2 3 0 -2 47 0 -2 44 0 1 37 0 -2 2 0 -2 41 0 -2 38 0 1
 37 0 -2 1 0 -2 4 0 -2 3 0 -2 2 0 -2 1 0 -1 32 0 2 29 0 2 23 0 2 4 0 -1 32 0 2
 26 0 2 20 0 2 3 0 2 29 0 2 26 0 -1 19 0 2 2 0 2 23 0 2 20 0 -1 19 0 2 1 0 2 4 0
 2 3 0 2 2 0 2 1 0 -4 54 0 -4 53 0 2 50 0 -2 18 0 -4 54 0 2 52 0 -4 49 0 4 17 0
 -4 53 0 2 52 0 -4 43 0 4 11 0 2 50 0 -4 49 0 -4 43 0 0 58 0 -2 18 0 4 17 0 4 11
 0 0 58 0 -4 54 0 -4 53 0 2 50 0 -2 18 0 -4 54 0 2 51 0 -4 45 0 4 12 0 -4 53 0 2
 51 0 -4 39 0 4 6 0 2 50 0 -4 45 0 -4 39 0 0 58 0 -2 18 0 4 12 0 4 6 0 0 58 0 2
 54 0 -4 52 0 -4 48 0 4 15 0 2 54 0 -4 51 0 -4 46 0 4 14 0 -4 52 0 -4 51 0 2 37
 0 -2 5 0 -4 48 0 -4 46 0 2 37 0 0 58 0 4 15 0 4 14 0 -2 5 0 0 58 0 2 53 0 -4 52
 0 -4 42 0 4 9 0 2 53 0 -4 51 0 -4 40 0 4 8 0 -4 52 0 -4 51 0 2 37 0 -2 5 0 -4
 42 0 -4 40 0 2 37 0 0 58 0 4 9 0 4 8 0 -2 5 0 0 58 0 -1 50 0 2 47 0 2 41 0 2 4
 0 -1 50 0 2 44 0 2 38 0 2 3 0 2 47 0 2 44 0 -1 37 0 2 2 0 2 41 0 2 38 0 -1 37 0
 2 1 0 2 4 0 2 3 0 2 2 0 2 1 0 1 18 0 -2 16 0 -2 10 0 -2 4 0 1 18 0 -2 13 0 -2 7
 0 -2 3 0 -2 16 0 -2 13 0 1 5 0 -2 2 0 -2 10 0 -2 7 0 1 5 0 -2 1 0 -2 4 0 -2 3 0
 -2 2 0 -2 1 0 4 36 0 4 35 0 -2 32 0 2 18 0 4 36 0 -2 34 0 4 31 0 -4 17 0 4 35 0
 -2 34 0 4 25 0 -4 11 0 -2 32 0 4 31 0 4 25 0 0 58 0 2 18 0 -4 17 0 -4 11 0 0 58
 0 4 36 0 4 35 0 -2 32 0 2 18 0 4 36 0 -2 33 0 4 27 0 -4 12 0 4 35 0 -2 33 0 4
 21 0 -4 6 0 -2 32 0 4 27 0 4 21 0 0 58 0 2 18 0 -4 12 0 -4 6 0 0 58 0 -2 36 0 4
 34 0 4 30 0 -4 15 0 -2 36 0 4 33 0 4 28 0 -4 14 0 4 34 0 4 33 0 -2 19 0 2 5 0 4
 30 0 4 28 0 -2 19 0 0 58 0 -4 15 0 -4 14 0 2 5 0 0 58 0 -2 35 0 4 34 0 4 24 0 -4
 9 0 -2 35 0 4 33 0 4 22 0 -4 8 0 4 34 0 4 33 0 -2 19 0 2 5 0 4 24 0 4 22 0 -2
 19 0 0 58 0 -4 9 0 -4 8 0 2 5 0 0 58 0 1 32 0 -2 29 0 -2 23 0 -2 4 0 1 32 0 -2
 26 0 -2 20 0 -2 3 0 -2 29 0 -2 26 0 1 19 0 -2 2 0 -2 23 0 -2 20 0 1 19 0 -2 1 0
 -2 4 0 -2 3 0 -2 2 0 -2 1 0 -1 18 0 2 16 0 2 10 0 2 4 0 -1 18 0 2 13 0 2 7 0 2
 3 0 2 16 0 2 13 0 -1 5 0 2 2 0 2 10 0 2 7 0 -1 5 0 2 1 0 2 4 0 2 3 0 2 2 0 2 1
 1 7 7 8613 6 2 0 7 3 0
 1 -2 7 2 -2 6 3 -2 5 4 -2 4 5 1 3 6 -1 2 7 1 1
 7 19 42 8620 5 1 0 6 2 0
 1 -2 6 2 -2 5 3 -2 4 4 -2 3 5 1 2 6 -1 1 1 -2 11 2 -2 10 3 -2 9 4 -2 8 5 1 7 7
 -1 1 1 -2 15 2 -2 14 3 -2 13 4 -2 12 6 1 7 7 -1 2 1 2 17 2 2 16 3 0 6 5 -1 12 6
 1 8 7 -1 3 1 2 19 2 2 18 4 0 6 5 -1 13 6 1 9 7 -1 4 1 0 6 3 -2 18 4 -2 16 5 -1
 14 6 1 10 7 -1 5 2 0 6 3 -2 19 4 -2 17 5 -1 15 6 1 11 7 -1 6
 19 25 95 8662 4 0 0 5 1 0
 1 -2 5 2 -2 4 3 -2 3 4 -2 2 5 1 1 1 -2 9 2 -2 8 3 -2 7 4 -2 6 6 1 1 1 2 11 2 2
 10 3 0 5 5 -1 6 6 1 2 1 2 13 2 2 12 4 0 5 5 -1 7 6 1 3 1 0 5 3 -2 12 4 -2 10 5
 -1 8 6 1 4 2 0 5 3 -2 13 4 -2 11 5 -1 9 6 1 5 1 -2 17 2 -2 16 3 -2 15 4 -2 14 7
 1 1 1 2 19 2 2 18 3 0 5 5 -1 14 7 1 2 1 2 21 2 2 20 4 0 5 5 -1 15 7 1 3 1 0 5 3
 -2 20 4 -2 18 5 -1 16 7 1 4 2 0 5 3 -2 21 4 -2 19 5 -1 17 7 1 5 1 2 23 2 2 22 3
 0 5 6 -1 14 7 1 6 1 2 25 2 2 24 4 0 5 6 -1 15 7 1 7 1 0 5 3 -2 24 4 -2 22 6 -1
 16 7 1 8 2 0 5 3 -2 25 4 -2 23 6 -1 17 7 1 9 1 0 5 3 0 5 5 1 22 6 -1 18 7 1 10
 2 0 5 3 0 5 5 1 23 6 -1 19 7 1 11 1 0 5 4 0 5 5 1 24 6 -1 20 7 1 12 2 0 5 4 0 5
 5 1 25 6 -1 21 7 1 13
 25 58 100 8757 3 0 1 4 0 0
 1 1 4 2 1 3 3 1 2 4 1 1 1 1 9 2 1 7 3 1 5 5 1 1 1 1 15 2 1 12 4 1 5 5 1 2 1 1
 18 3 1 13 4 1 6 5 1 3 2 1 18 3 1 16 4 1 10 5 1 4 1 1 23 2 1 21 3 1 19 6 1 1 1 1
 29 2 1 26 4 1 19 6 1 2 1 1 32 3 1 27 4 1 20 6 1 3 2 1 32 3 1 30 4 1 25 6 1 4 1
 -1 35 3 1 33 5 -1 22 6 1 8 2 -1 35 3 1 34 5 -1 24 6 1 11 1 -1 36 4 1 33 5 -1 28
 6 1 14 2 -1 36 4 1 34 5 -1 31 6 1 17 1 1 43 2 1 38 3 1 37 7 1 1 1 1 48 2 1 44 4
 1 37 7 1 2 1 1 50 3 1 45 4 1 39 7 1 3 2 1 50 3 1 47 4 1 41 7 1 4 1 -1 53 3 1 51
 5 -1 40 7 1 8 2 -1 53 3 1 52 5 -1 42 7 1 11 1 -1 54 4 1 51 5 -1 46 7 1 14 2 -1
 54 4 1 52 5 -1 49 7 1 17 1 -1 57 3 1 55 6 -1 40 7 1 22 2 -1 57 3 1 56 6 -1 42 7
 1 24 1 -1 58 4 1 55 6 -1 46 7 1 28 2 -1 58 4 1 56 6 -1 49 7 1 31
 1 19 42 8857 5 1 0 7 3 0
 0 0 19 0 4 19 0 4 17 0 2 15 0 -2 11 0 2 6 0 0 19 0 4 18 0 4 16 0 2 14 0 -2 10 0
 2 5 0 -4 19 0 -4 18 0 0 19 0 2 13 0 -2 9 0 2 4 0 -4 17 0 -4 16 0 0 19 0 2 12 0
 -2 8 0 2 3 0 -2 15 0 -2 14 0 -2 13 0 -2 12 0 1 7 0 -1 2 0 2 11 0 2 10 0 2 9 0 2
 8 0 -1 7 0 1 1 0 -2 6 0 -2 5 0 -2 4 0 -2 3 0 1 2 0 -1 1
 1 25 210 8899 4 0 0 7 3 0
 0 0 25 0 0 25 0 0 25 0 0 25 0 0 25 0 0 25 0 0 25 0 4 25 0 -4 21 0 4 13 0 0 25 0
 0 25 0 4 23 0 -4 19 0 4 11 0 0 25 0 -4 25 0 -4 23 0 -2 17 0 2 9 0 0 25 0 4 21 0
 4 19 0 2 17 0 -2 5 0 0 25 0 -4 13 0 -4 11 0 -2 9 0 2 5 0 0 25 0 0 25 0 0 25 0 0
 25 0 0 25 0 0 25 0 0 25 0 4 24 0 -4 20 0 4 12 0 0 25 0 0 25 0 4 22 0 -4 18 0 4
 10 0 0 25 0 -4 24 0 -4 22 0 -2 16 0 2 8 0 0 25 0 4 20 0 4 18 0 2 16 0 -2 4 0 0
 25 0 -4 12 0 -4 10 0 -2 8 0 2 4 0 0 25 0 0 25 0 -4 25 0 4 21 0 -4 13 0 0 25 0 0
 25 0 -4 24 0 4 20 0 -4 12 0 0 25 0 0 25 0 0 25 0 0 25 0 0 25 0 4 25 0 4 24 0 0
 25 0 -2 15 0 2 7 0 -4 21 0 -4 20 0 0 25 0 2 15 0 -2 3 0 4 13 0 4 12 0 0 25 0 -2
 7 0 2 3 0 0 25 0 0 25 0 -4 23 0 4 19 0 -4 11 0 0 25 0 0 25 0 -4 22 0 4 18 0 -4
 10 0 0 25 0 0 25 0 0 25 0 0 25 0 0 25 0 4 23 0 4 22 0 0 25 0 -2 14 0 2 6 0 -4
 19 0 -4 18 0 0 25 0 2 14 0 -2 2 0 4 11 0 4 10 0 0 25 0 -2 6 0 2 2 0 0 25 0 4 25
 0 4 23 0 2 17 0 -2 9 0 0 25 0 4 24 0 4 22 0 2 16 0 -2 8 0 -4 25 0 -4 24 0 0 25
 0 2 15 0 -2 7 0 -4 23 0 -4 22 0 0 25 0 2 14 0 -2 6 0 -2 17 0 -2 16 0 -2 15 0 -2
 14 0 1 1 0 2 9 0 2 8 0 2 7 0 2 6 0 -1 1 0 0 25 0 -4 21 0 -4 19 0 -2 17 0 2 5 0
 0 25 0 -4 20 0 -4 18 0 -2 16 0 2 4 0 4 21 0 4 20 0 0 25 0 -2 15 0 2 3 0 4 19 0
 4 18 0 0 25 0 -2 14 0 2 2 0 2 17 0 2 16 0 2 15 0 2 14 0 -1 1 0 -2 5 0 -2 4 0 -2
 3 0 -2 2 0 1 1 0 0 25 0 4 13 0 4 11 0 2 9 0 -2 5 0 0 25 0 4 12 0 4 10 0 2 8 0 -2
 4 0 -4 13 0 -4 12 0 0 25 0 2 7 0 -2 3 0 -4 11 0 -4 10 0 0 25 0 2 6 0 -2 2 0 -2
 9 0 -2 8 0 -2 7 0 -2 6 0 1 1 0 2 5 0 2 4 0 2 3 0 2 2 0 -1 1
 1 7 7 9109 6 2 0 7 3 0
 1 1 7 2 1 6 3 1 5 4 1 4 5 -2 3 6 2 2 7 -2 1
 0 0 0 0 0 0 0 0 0 0
 0 0 0 0 0 0 0 0 0 0
