 7 5 1 0 1 2 3 4 5 6 7
 1 7 7 1 6 5 1 7 5 0
 1 1 7 2 1 6 3 -2 5 4 2 4 5 -2 3 6 2 2 7 -2 1
 7 31 42 8 5 4 1 6 5 1
 1 -1 8 2 -1 6 3 1 4 4 -1 3 5 1 2 6 -1 1 1 -1 15 2 -1 13 3 1 11 4 -1 10 5 1 9 7
 -1 1 1 -1 21 2 -1 19 3 1 17 4 -1 16 6 1 9 7 -1 2 1 -1 26 2 -1 24 3 1 22 5 -1 16
 6 1 10 7 -1 3 1 -1 30 2 -1 28 4 1 22 5 -1 17 6 1 11 7 -1 4 1 -2 31 3 1 27 4 -1
 23 5 1 18 6 -1 12 7 1 5 2 -2 31 3 1 29 4 -1 25 5 1 20 6 -1 14 7 1 7
 31 55 155 50 4 3 1 5 4 1
 1 -1 6 2 -1 5 3 1 3 4 -1 2 5 1 1 1 -1 12 2 -1 11 3 1 9 4 -1 8 6 1 1 1 -1 17 2 -1
 16 3 1 14 5 -1 8 6 1 2 1 -1 21 2 -1 20 4 1 14 5 -1 9 6 1 3 1 -2 23 3 1 19 4 -1
 15 5 1 10 6 -1 4 1 0 6 3 -1 20 4 1 16 5 -1 11 6 1 5 2 -2 23 3 1 22 4 -1 18 5 1
 13 6 -1 7 2 0 6 3 -1 21 4 1 17 5 -1 12 6 1 6 1 -1 29 2 -1 27 3 1 25 4 -1 24 7 1
 1 1 -1 34 2 -1 32 3 1 30 5 -1 24 7 1 2 1 -1 38 2 -1 36 4 1 30 5 -1 25 7 1 3 1 -2
 39 3 1 35 4 -1 31 5 1 26 7 -1 4 1 0 6 3 -1 36 4 1 32 5 -1 27 7 1 5 2 -2 39 3 1
 37 4 -1 33 5 1 28 7 -1 7 2 0 6 3 -1 38 4 1 34 5 -1 29 7 1 6 1 -1 44 2 -1 42 3 1
 40 6 -1 24 7 1 8 1 -1 48 2 -1 46 4 1 40 6 -1 25 7 1 9 1 -2 49 3 1 45 4 -1 41 6
 1 26 7 -1 10 1 0 6 3 -1 46 4 1 42 6 -1 27 7 1 11 2 -2 49 3 1 47 4 -1 43 6 1 28
 7 -1 13 2 0 6 3 -1 48 4 1 44 6 -1 29 7 1 12 1 -1 53 2 -1 51 5 1 40 6 -1 30 7 1
 14 1 -2 54 3 1 50 5 -1 41 6 1 31 7 -1 15 1 0 6 3 -1 51 5 1 42 6 -1 32 7 1 16 2
 -2 54 3 1 52 5 -1 43 6 1 33 7 -1 18 2 0 6 3 -1 53 5 1 44 6 -1 34 7 1 17 1 -2 55
 4 1 50 5 -1 45 6 1 35 7 -1 19 1 0 6 4 -1 51 5 1 46 6 -1 36 7 1 20 2 -2 55 4 1
 52 5 -1 47 6 1 37 7 -1 22 2 0 6 4 -1 53 5 1 48 6 -1 38 7 1 21 3 -1 55 4 1 54 5
 -1 49 6 1 39 7 -1 23
 55 55 220 205 3 2 1 4 3 1
 1 -1 6 2 -1 4 3 1 2 4 -1 1 1 -1 11 2 -1 9 3 1 7 5 -1 1 1 -1 15 2 -1 13 4 1 7 5
 -1 2 1 -2 16 3 1 12 4 -1 8 5 1 3 1 0 6 3 -1 13 4 1 9 5 -1 4 2 0 6 3 -1 15 4 1
 11 5 -1 6 2 -2 16 3 1 14 4 -1 10 5 1 5 1 -1 21 2 -1 19 3 1 17 6 -1 1 1 -1 25 2
 -1 23 4 1 17 6 -1 2 1 -2 26 3 1 22 4 -1 18 6 1 3 1 0 6 3 -1 23 4 1 19 6 -1 4 2
 0 6 3 -1 25 4 1 21 6 -1 6 2 -2 26 3 1 24 4 -1 20 6 1 5 1 -1 30 2 -1 28 5 1 17 6
 -1 7 1 -2 31 3 1 27 5 -1 18 6 1 8 1 0 6 3 -1 28 5 1 19 6 -1 9 2 0 6 3 -1 30 5 1
 21 6 -1 11 2 -2 31 3 1 29 5 -1 20 6 1 10 1 -2 32 4 1 27 5 -1 22 6 1 12 1 0 6 4
 -1 28 5 1 23 6 -1 13 2 0 6 4 -1 30 5 1 25 6 -1 15 2 -2 32 4 1 29 5 -1 24 6 1 14
 3 -1 32 4 1 31 5 -1 26 6 1 16 1 -1 37 2 -1 35 3 1 33 7 -1 1 1 -1 41 2 -1 39 4 1
 33 7 -1 2 1 -2 42 3 1 38 4 -1 34 7 1 3 1 0 6 3 -1 39 4 1 35 7 -1 4 2 -2 42 3 1
 40 4 -1 36 7 1 5 2 0 6 3 -1 41 4 1 37 7 -1 6 1 -1 46 2 -1 44 5 1 33 7 -1 7 1 -2
 47 3 1 43 5 -1 34 7 1 8 1 0 6 3 -1 44 5 1 35 7 -1 9 2 -2 47 3 1 45 5 -1 36 7 1
 10 2 0 6 3 -1 46 5 1 37 7 -1 11 1 -2 48 4 1 43 5 -1 38 7 1 12 1 0 6 4 -1 44 5 1
 39 7 -1 13 2 -2 48 4 1 45 5 -1 40 7 1 14 2 0 6 4 -1 46 5 1 41 7 -1 15 3 -1 48 4
 1 47 5 -1 42 7 1 16 1 -1 52 2 -1 50 6 1 33 7 -1 17 1 -2 53 3 1 49 6 -1 34 7 1
 18 1 0 6 3 -1 50 6 1 35 7 -1 19 2 -2 53 3 1 51 6 -1 36 7 1 20 2 0 6 3 -1 52 6 1
 37 7 -1 21 1 -2 54 4 1 49 6 -1 38 7 1 22 1 0 6 4 -1 50 6 1 39 7 -1 23 2 -2 54 4
 1 51 6 -1 40 7 1 24 2 0 6 4 -1 52 6 1 41 7 -1 25 3 -1 54 4 1 53 6 -1 42 7 1 26
 1 -2 55 5 1 49 6 -1 43 7 1 27 1 0 6 5 -1 50 6 1 44 7 -1 28 2 -2 55 5 1 51 6 -1
 45 7 1 29 2 0 6 5 -1 52 6 1 46 7 -1 30 3 -1 55 5 1 53 6 -1 47 7 1 31 4 -1 55 5
 1 54 6 -1 48 7 1 32
 55 31 165 425 2 1 1 3 2 1
 1 -1 5 2 -1 3 3 1 1 1 -1 9 2 -1 7 4 1 1 1 -2 10 3 1 6 4 -1 2 1 0 5 3 -1 7 4 1 3
 2 -2 10 3 1 8 4 -1 4 2 0 5 3 -1 9 4 1 5 1 -1 14 2 -1 11 5 1 1 1 -2 15 3 1 12 5
 -1 2 1 0 5 3 -1 11 5 1 3 2 -2 15 3 1 13 5 -1 4 2 0 5 3 -1 14 5 1 5 1 -2 16 4 1
 12 5 -1 6 1 0 5 4 -1 11 5 1 7 2 -2 16 4 1 13 5 -1 8 2 0 5 4 -1 14 5 1 9 3 -1 16
 4 1 15 5 -1 10 1 -1 20 2 -1 18 6 1 1 1 -2 21 3 1 17 6 -1 2 1 0 5 3 -1 18 6 1 3
 2 -2 21 3 1 19 6 -1 4 2 0 5 3 -1 20 6 1 5 1 -2 22 4 1 17 6 -1 6 1 0 5 4 -1 18 6
 1 7 2 -2 22 4 1 19 6 -1 8 2 0 5 4 -1 20 6 1 9 3 -1 22 4 1 21 6 -1 10 1 -2 23 5
 1 17 6 -1 12 1 0 5 5 -1 18 6 1 11 2 -2 23 5 1 19 6 -1 13 2 0 5 5 -1 20 6 1 14 3
 -1 23 5 1 21 6 -1 15 4 -1 23 5 1 22 6 -1 16 1 -1 27 2 -1 25 7 1 1 1 -2 28 3 1
 24 7 -1 2 1 0 5 3 -1 25 7 1 3 2 -2 28 3 1 26 7 -1 4 2 0 5 3 -1 27 7 1 5 1 -2 29
 4 1 24 7 -1 6 1 0 5 4 -1 25 7 1 7 2 -2 29 4 1 26 7 -1 8 2 0 5 4 -1 27 7 1 9 3 -1
 29 4 1 28 7 -1 10 1 -2 30 5 1 24 7 -1 12 1 0 5 5 -1 25 7 1 11 2 -2 30 5 1 26 7
 -1 13 2 0 5 5 -1 27 7 1 14 3 -1 30 5 1 28 7 -1 15 4 -1 30 5 1 29 7 -1 16 1 -2
 31 6 1 24 7 -1 17 1 0 5 6 -1 25 7 1 18 2 -2 31 6 1 26 7 -1 19 2 0 5 6 -1 27 7 1
 20 3 -1 31 6 1 28 7 -1 21 4 -1 31 6 1 29 7 -1 22 5 -1 31 6 1 30 7 -1 23
 31 7 62 590 1 0 1 2 1 1
 1 1 2 2 1 1 1 -2 3 3 1 1 1 0 2 3 1 1 2 -2 3 3 1 2 2 0 2 3 1 2 1 -2 4 4 1 1 1 0
 2 4 1 1 2 -2 4 4 1 2 2 0 2 4 1 2 3 -1 4 4 1 3 1 0 2 5 1 1 1 -2 5 5 1 1 2 -2 5 5
 1 2 2 0 2 5 1 2 3 -1 5 5 1 3 4 -1 5 5 1 4 1 -2 6 6 1 1 1 0 2 6 1 1 2 -2 6 6 1 2
 2 0 2 6 1 2 3 -1 6 6 1 3 4 -1 6 6 1 4 5 -1 6 6 1 5 1 -2 7 7 1 1 1 0 2 7 1 1 2 -2
 7 7 1 2 2 0 2 7 1 2 3 -1 7 7 1 3 4 -1 7 7 1 4 5 -1 7 7 1 5 6 -1 7 7 1 6
 7 1 7 652 0 0 0 1 0 1
 1 1 1 2 1 1 3 1 1 4 1 1 5 1 1 6 1 1 7 1 1
 1 31 42 659 5 4 1 7 5 0
 0 -2 31 0 2 30 0 -2 26 0 2 21 0 -2 15 0 2 8 0 -2 31 0 2 28 0 -2 24 0 2 19 0 -2
 13 0 2 6 0 1 29 0 1 27 0 2 22 0 -2 17 0 2 11 0 -2 4 0 -1 25 0 -1 23 0 -2 22 0 2
 16 0 -2 10 0 2 3 0 1 20 0 1 18 0 2 17 0 -2 16 0 2 9 0 -2 2 0 -1 14 0 -1 12 0 -2
 11 0 2 10 0 -2 9 0 2 1 0 1 7 0 1 5 0 2 4 0 -2 3 0 2 2 0 -2 1
 1 55 210 701 4 3 1 7 5 0
 0 0 55 0 0 55 0 0 55 0 0 55 0 0 55 0 2 55 0 2 53 0 -2 48 0 2 38 0 -2 21 0 -2 54
 0 -2 53 0 2 44 0 -2 34 0 2 17 0 2 49 0 2 48 0 -2 44 0 2 29 0 -2 12 0 -2 39 0 -2
 38 0 2 34 0 -2 29 0 2 6 0 2 23 0 2 21 0 -2 17 0 2 12 0 -2 6 0 0 55 0 0 55 0 0
 55 0 0 55 0 0 55 0 2 55 0 2 51 0 -2 46 0 2 36 0 -2 20 0 -2 54 0 -2 51 0 2 42 0
 -2 32 0 2 16 0 2 49 0 2 46 0 -2 42 0 2 27 0 -2 11 0 -2 39 0 -2 36 0 2 32 0 -2
 27 0 2 5 0 2 23 0 2 20 0 -2 16 0 2 11 0 -2 5 0 -2 55 0 -2 53 0 2 48 0 -2 38 0 2
 21 0 -2 55 0 -2 51 0 2 46 0 -2 36 0 2 20 0 1 52 0 1 50 0 -2 40 0 2 30 0 -2 14 0
 -1 47 0 -1 45 0 2 40 0 -2 25 0 2 9 0 1 37 0 1 35 0 -2 30 0 2 25 0 -2 3 0 -1 22
 0 -1 19 0 2 14 0 -2 9 0 2 3 0 2 54 0 2 53 0 -2 44 0 2 34 0 -2 17 0 2 54 0 2 51
 0 -2 42 0 2 32 0 -2 16 0 -1 52 0 -1 50 0 2 40 0 -2 30 0 2 14 0 1 43 0 1 41 0 -2
 40 0 2 24 0 -2 8 0 -1 33 0 -1 31 0 2 30 0 -2 24 0 2 2 0 1 18 0 1 15 0 -2 14 0 2
 8 0 -2 2 0 -2 49 0 -2 48 0 2 44 0 -2 29 0 2 12 0 -2 49 0 -2 46 0 2 42 0 -2 27 0
 2 11 0 1 47 0 1 45 0 -2 40 0 2 25 0 -2 9 0 -1 43 0 -1 41 0 2 40 0 -2 24 0 2 8 0
 1 28 0 1 26 0 -2 25 0 2 24 0 -2 1 0 -1 13 0 -1 10 0 2 9 0 -2 8 0 2 1 0 2 39 0 2
 38 0 -2 34 0 2 29 0 -2 6 0 2 39 0 2 36 0 -2 32 0 2 27 0 -2 5 0 -1 37 0 -1 35 0
 2 30 0 -2 25 0 2 3 0 1 33 0 1 31 0 -2 30 0 2 24 0 -2 2 0 -1 28 0 -1 26 0 2 25 0
 -2 24 0 2 1 0 1 7 0 1 4 0 -2 3 0 2 2 0 -2 1 0 -2 23 0 -2 21 0 2 17 0 -2 12 0 2
 6 0 -2 23 0 -2 20 0 2 16 0 -2 11 0 2 5 0 1 22 0 1 19 0 -2 14 0 2 9 0 -2 3 0 -1
 18 0 -1 15 0 2 14 0 -2 8 0 2 2 0 1 13 0 1 10 0 -2 9 0 2 8 0 -2 1 0 -1 7 0 -1 4
 0 2 3 0 -2 2 0 2 1
 1 55 840 911 3 2 1 7 5 0
 0 0 55 0 0 55 0 0 55 0 0 55 0 0 55 0 0 55 0 0 55 0 0 55 0 0 55 0 0 55 0 0 55 0
 0 55 0 0 55 0 0 55 0 0 55 0 0 55 0 0 55 0 0 55 0 0 55 0 0 55 0 0 55 0 0 55 0 0
 55 0 0 55 0 -2 55 0 2 52 0 -2 46 0 2 30 0 2 54 0 -2 52 0 2 41 0 -2 25 0 -2 48 0
 2 46 0 -2 41 0 2 15 0 2 32 0 -2 30 0 2 25 0 -2 15 0 0 55 0 0 55 0 0 55 0 0 55 0
 2 55 0 -2 52 0 2 46 0 -2 30 0 -2 53 0 2 52 0 -2 37 0 2 21 0 2 47 0 -2 46 0 2 37
 0 -2 11 0 -2 31 0 2 30 0 -2 21 0 2 11 0 0 55 0 0 55 0 0 55 0 0 55 0 -2 54 0 2
 52 0 -2 41 0 2 25 0 2 53 0 -2 52 0 2 37 0 -2 21 0 -2 42 0 2 41 0 -2 37 0 2 6 0
 2 26 0 -2 25 0 2 21 0 -2 6 0 0 55 0 0 55 0 0 55 0 0 55 0 2 48 0 -2 46 0 2 41 0
 -2 15 0 -2 47 0 2 46 0 -2 37 0 2 11 0 2 42 0 -2 41 0 2 37 0 -2 6 0 -2 16 0 2 15
 0 -2 11 0 2 6 0 0 55 0 0 55 0 0 55 0 0 55 0 -2 32 0 2 30 0 -2 25 0 2 15 0 2 31
 0 -2 30 0 2 21 0 -2 11 0 -2 26 0 2 25 0 -2 21 0 2 6 0 2 16 0 -2 15 0 2 11 0 -2
 6 0 0 55 0 0 55 0 0 55 0 0 55 0 0 55 0 0 55 0 0 55 0 0 55 0 0 55 0 0 55 0 0 55
 0 0 55 0 0 55 0 0 55 0 0 55 0 0 55 0 0 55 0 0 55 0 0 55 0 0 55 0 0 55 0 0 55 0
 0 55 0 0 55 0 -2 55 0 2 50 0 -2 44 0 2 28 0 2 54 0 -2 50 0 2 39 0 -2 23 0 -2 48
 0 2 44 0 -2 39 0 2 13 0 2 32 0 -2 28 0 2 23 0 -2 13 0 0 55 0 0 55 0 0 55 0 0 55
 0 2 55 0 -2 50 0 2 44 0 -2 28 0 -2 53 0 2 50 0 -2 35 0 2 19 0 2 47 0 -2 44 0 2
 35 0 -2 9 0 -2 31 0 2 28 0 -2 19 0 2 9 0 0 55 0 0 55 0 0 55 0 0 55 0 -2 54 0 2
 50 0 -2 39 0 2 23 0 2 53 0 -2 50 0 2 35 0 -2 19 0 -2 42 0 2 39 0 -2 35 0 2 4 0
 2 26 0 -2 23 0 2 19 0 -2 4 0 0 55 0 0 55 0 0 55 0 0 55 0 2 48 0 -2 44 0 2 39 0
 -2 13 0 -2 47 0 2 44 0 -2 35 0 2 9 0 2 42 0 -2 39 0 2 35 0 -2 4 0 -2 16 0 2 13
 0 -2 9 0 2 4 0 0 55 0 0 55 0 0 55 0 0 55 0 -2 32 0 2 28 0 -2 23 0 2 13 0 2 31 0
 -2 28 0 2 19 0 -2 9 0 -2 26 0 2 23 0 -2 19 0 2 4 0 2 16 0 -2 13 0 2 9 0 -2 4 0
 0 55 0 0 55 0 0 55 0 0 55 0 2 55 0 -2 52 0 2 46 0 -2 30 0 -2 54 0 2 52 0 -2 41
 0 2 25 0 2 48 0 -2 46 0 2 41 0 -2 15 0 -2 32 0 2 30 0 -2 25 0 2 15 0 0 55 0 0
 55 0 0 55 0 0 55 0 2 55 0 -2 50 0 2 44 0 -2 28 0 -2 54 0 2 50 0 -2 39 0 2 23 0
 2 48 0 -2 44 0 2 39 0 -2 13 0 -2 32 0 2 28 0 -2 23 0 2 13 0 -2 55 0 2 52 0 -2
 46 0 2 30 0 -2 55 0 2 50 0 -2 44 0 2 28 0 1 51 0 1 49 0 2 33 0 -2 17 0 -1 45 0
 -1 43 0 -2 33 0 2 7 0 1 29 0 1 27 0 2 17 0 -2 7 0 2 54 0 -2 52 0 2 41 0 -2 25 0
 2 54 0 -2 50 0 2 39 0 -2 23 0 -1 51 0 -1 49 0 -2 33 0 2 17 0 1 40 0 1 38 0 2 33
 0 -2 2 0 -1 24 0 -1 22 0 -2 17 0 2 2 0 -2 48 0 2 46 0 -2 41 0 2 15 0 -2 48 0 2
 44 0 -2 39 0 2 13 0 1 45 0 1 43 0 2 33 0 -2 7 0 -1 40 0 -1 38 0 -2 33 0 2 2 0 1
 14 0 1 12 0 2 7 0 -2 2 0 2 32 0 -2 30 0 2 25 0 -2 15 0 2 32 0 -2 28 0 2 23 0 -2
 13 0 -1 29 0 -1 27 0 -2 17 0 2 7 0 1 24 0 1 22 0 2 17 0 -2 2 0 -1 14 0 -1 12 0
 -2 7 0 2 2 0 0 55 0 0 55 0 0 55 0 0 55 0 -2 55 0 2 52 0 -2 46 0 2 30 0 2 53 0 -2
 52 0 2 37 0 -2 21 0 -2 47 0 2 46 0 -2 37 0 2 11 0 2 31 0 -2 30 0 2 21 0 -2 11 0
 0 55 0 0 55 0 0 55 0 0 55 0 -2 55 0 2 50 0 -2 44 0 2 28 0 2 53 0 -2 50 0 2 35 0
 -2 19 0 -2 47 0 2 44 0 -2 35 0 2 9 0 2 31 0 -2 28 0 2 19 0 -2 9 0 2 55 0 -2 52
 0 2 46 0 -2 30 0 2 55 0 -2 50 0 2 44 0 -2 28 0 -1 51 0 -1 49 0 -2 33 0 2 17 0 1
 45 0 1 43 0 2 33 0 -2 7 0 -1 29 0 -1 27 0 -2 17 0 2 7 0 -2 53 0 2 52 0 -2 37 0
 2 21 0 -2 53 0 2 50 0 -2 35 0 2 19 0 1 51 0 1 49 0 2 33 0 -2 17 0 -1 36 0 -1 34
 0 -2 33 0 2 1 0 1 20 0 1 18 0 2 17 0 -2 1 0 2 47 0 -2 46 0 2 37 0 -2 11 0 2 47
 0 -2 44 0 2 35 0 -2 9 0 -1 45 0 -1 43 0 -2 33 0 2 7 0 1 36 0 1 34 0 2 33 0 -2 1
 0 -1 10 0 -1 8 0 -2 7 0 2 1 0 -2 31 0 2 30 0 -2 21 0 2 11 0 -2 31 0 2 28 0 -2
 19 0 2 9 0 1 29 0 1 27 0 2 17 0 -2 7 0 -1 20 0 -1 18 0 -2 17 0 2 1 0 1 10 0 1 8
 0 2 7 0 -2 1 0 0 55 0 0 55 0 0 55 0 0 55 0 2 54 0 -2 52 0 2 41 0 -2 25 0 -2 53
 0 2 52 0 -2 37 0 2 21 0 2 42 0 -2 41 0 2 37 0 -2 6 0 -2 26 0 2 25 0 -2 21 0 2 6
 0 0 55 0 0 55 0 0 55 0 0 55 0 2 54 0 -2 50 0 2 39 0 -2 23 0 -2 53 0 2 50 0 -2
 35 0 2 19 0 2 42 0 -2 39 0 2 35 0 -2 4 0 -2 26 0 2 23 0 -2 19 0 2 4 0 -2 54 0 2
 52 0 -2 41 0 2 25 0 -2 54 0 2 50 0 -2 39 0 2 23 0 1 51 0 1 49 0 2 33 0 -2 17 0
 -1 40 0 -1 38 0 -2 33 0 2 2 0 1 24 0 1 22 0 2 17 0 -2 2 0 2 53 0 -2 52 0 2 37 0
 -2 21 0 2 53 0 -2 50 0 2 35 0 -2 19 0 -1 51 0 -1 49 0 -2 33 0 2 17 0 1 36 0 1
 34 0 2 33 0 -2 1 0 -1 20 0 -1 18 0 -2 17 0 2 1 0 -2 42 0 2 41 0 -2 37 0 2 6 0 -2
 42 0 2 39 0 -2 35 0 2 4 0 1 40 0 1 38 0 2 33 0 -2 2 0 -1 36 0 -1 34 0 -2 33 0 2
 1 0 1 5 0 1 3 0 2 2 0 -2 1 0 2 26 0 -2 25 0 2 21 0 -2 6 0 2 26 0 -2 23 0 2 19 0
 -2 4 0 -1 24 0 -1 22 0 -2 17 0 2 2 0 1 20 0 1 18 0 2 17 0 -2 1 0 -1 5 0 -1 3 0
 -2 2 0 2 1 0 0 55 0 0 55 0 0 55 0 0 55 0 -2 48 0 2 46 0 -2 41 0 2 15 0 2 47 0 -2
 46 0 2 37 0 -2 11 0 -2 42 0 2 41 0 -2 37 0 2 6 0 2 16 0 -2 15 0 2 11 0 -2 6 0 0
 55 0 0 55 0 0 55 0 0 55 0 -2 48 0 2 44 0 -2 39 0 2 13 0 2 47 0 -2 44 0 2 35 0 -2
 9 0 -2 42 0 2 39 0 -2 35 0 2 4 0 2 16 0 -2 13 0 2 9 0 -2 4 0 2 48 0 -2 46 0 2
 41 0 -2 15 0 2 48 0 -2 44 0 2 39 0 -2 13 0 -1 45 0 -1 43 0 -2 33 0 2 7 0 1 40 0
 1 38 0 2 33 0 -2 2 0 -1 14 0 -1 12 0 -2 7 0 2 2 0 -2 47 0 2 46 0 -2 37 0 2 11 0
 -2 47 0 2 44 0 -2 35 0 2 9 0 1 45 0 1 43 0 2 33 0 -2 7 0 -1 36 0 -1 34 0 -2 33
 0 2 1 0 1 10 0 1 8 0 2 7 0 -2 1 0 2 42 0 -2 41 0 2 37 0 -2 6 0 2 42 0 -2 39 0 2
 35 0 -2 4 0 -1 40 0 -1 38 0 -2 33 0 2 2 0 1 36 0 1 34 0 2 33 0 -2 1 0 -1 5 0 -1
 3 0 -2 2 0 2 1 0 -2 16 0 2 15 0 -2 11 0 2 6 0 -2 16 0 2 13 0 -2 9 0 2 4 0 1 14
 0 1 12 0 2 7 0 -2 2 0 -1 10 0 -1 8 0 -2 7 0 2 1 0 1 5 0 1 3 0 2 2 0 -2 1 0 0 55
 0 0 55 0 0 55 0 0 55 0 2 32 0 -2 30 0 2 25 0 -2 15 0 -2 31 0 2 30 0 -2 21 0 2
 11 0 2 26 0 -2 25 0 2 21 0 -2 6 0 -2 16 0 2 15 0 -2 11 0 2 6 0 0 55 0 0 55 0 0
 55 0 0 55 0 2 32 0 -2 28 0 2 23 0 -2 13 0 -2 31 0 2 28 0 -2 19 0 2 9 0 2 26 0 -2
 23 0 2 19 0 -2 4 0 -2 16 0 2 13 0 -2 9 0 2 4 0 -2 32 0 2 30 0 -2 25 0 2 15 0 -2
 32 0 2 28 0 -2 23 0 2 13 0 1 29 0 1 27 0 2 17 0 -2 7 0 -1 24 0 -1 22 0 -2 17 0
 2 2 0 1 14 0 1 12 0 2 7 0 -2 2 0 2 31 0 -2 30 0 2 21 0 -2 11 0 2 31 0 -2 28 0 2
 19 0 -2 9 0 -1 29 0 -1 27 0 -2 17 0 2 7 0 1 20 0 1 18 0 2 17 0 -2 1 0 -1 10 0 -1
 8 0 -2 7 0 2 1 0 -2 26 0 2 25 0 -2 21 0 2 6 0 -2 26 0 2 23 0 -2 19 0 2 4 0 1 24
 0 1 22 0 2 17 0 -2 2 0 -1 20 0 -1 18 0 -2 17 0 2 1 0 1 5 0 1 3 0 2 2 0 -2 1 0 2
 16 0 -2 15 0 2 11 0 -2 6 0 2 16 0 -2 13 0 2 9 0 -2 4 0 -1 14 0 -1 12 0 -2 7 0 2
 2 0 1 10 0 1 8 0 2 7 0 -2 1 0 -1 5 0 -1 3 0 -2 2 0 2 1
 1 11 42 1751 5 5 0 7 5 0
 0 1 11 0 -2 10 0 2 8 0 -2 6 0 2 4 0 -2 2 0 1 11 0 -2 9 0 2 7 0 -2 5 0 2 3 0 -2
 1 0 -2 10 0 -2 9 0 0 11 0 0 11 0 0 11 0 0 11 0 2 8 0 2 7 0 0 11 0 0 11 0 0 11 0
 0 11 0 -2 6 0 -2 5 0 0 11 0 0 11 0 0 11 0 0 11 0 2 4 0 2 3 0 0 11 0 0 11 0 0 11
 0 0 11 0 -2 2 0 -2 1 0 0 11 0 0 11 0 0 11 0 0 11
 11 25 55 1793 4 4 0 5 5 0
 1 1 9 3 -1 7 4 1 5 5 -1 3 6 1 1 2 1 9 3 -1 8 4 1 6 5 -1 4 6 1 2 1 1 16 3 -1 14
 4 1 12 5 -1 10 7 1 1 2 1 16 3 -1 15 4 1 13 5 -1 11 7 1 2 1 1 21 3 -1 19 4 1 17
 6 -1 10 7 1 3 2 1 21 3 -1 20 4 1 18 6 -1 11 7 1 4 1 1 24 3 -1 22 5 1 17 6 -1 12
 7 1 5 2 1 24 3 -1 23 5 1 18 6 -1 13 7 1 6 1 1 25 4 -1 22 5 1 19 6 -1 14 7 1 7 2
 1 25 4 -1 23 5 1 20 6 -1 15 7 1 8 3 1 25 4 -1 24 5 1 21 6 -1 16 7 1 9
 25 30 100 1848 3 3 0 4 4 0
 1 1 7 3 -1 5 4 1 3 5 -1 1 2 1 7 3 -1 6 4 1 4 5 -1 2 1 1 12 3 -1 10 4 1 8 6 -1 1
 2 1 12 3 -1 11 4 1 9 6 -1 2 1 1 15 3 -1 13 5 1 8 6 -1 3 2 1 15 3 -1 14 5 1 9 6
 -1 4 1 1 16 4 -1 13 5 1 10 6 -1 5 2 1 16 4 -1 14 5 1 11 6 -1 6 3 1 16 4 -1 15 5
 1 12 6 -1 7 1 1 21 3 -1 19 4 1 17 7 -1 1 2 1 21 3 -1 20 4 1 18 7 -1 2 1 1 24 3
 -1 22 5 1 17 7 -1 3 2 1 24 3 -1 23 5 1 18 7 -1 4 1 1 25 4 -1 22 5 1 19 7 -1 5 2
 1 25 4 -1 23 5 1 20 7 -1 6 3 1 25 4 -1 24 5 1 21 7 -1 7 1 1 28 3 -1 26 6 1 17 7
 -1 8 2 1 28 3 -1 27 6 1 18 7 -1 9 1 1 29 4 -1 26 6 1 19 7 -1 10 2 1 29 4 -1 27
 6 1 20 7 -1 11 3 1 29 4 -1 28 6 1 21 7 -1 12 1 1 30 5 -1 26 6 1 22 7 -1 13 2 1
 30 5 -1 27 6 1 23 7 -1 14 3 1 30 5 -1 28 6 1 24 7 -1 15 4 1 30 5 -1 29 6 1 25 7
 -1 16
 30 20 90 1948 2 2 0 3 3 0
 1 1 5 3 -1 3 4 1 1 2 1 5 3 -1 4 4 1 2 1 1 8 3 -1 6 5 1 1 2 1 8 3 -1 7 5 1 2 1 1
 9 4 -1 6 5 1 3 2 1 9 4 -1 7 5 1 4 3 1 9 4 -1 8 5 1 5 1 1 12 3 -1 10 6 1 1 2 1
 12 3 -1 11 6 1 2 1 1 13 4 -1 10 6 1 3 2 1 13 4 -1 11 6 1 4 3 1 13 4 -1 12 6 1 5
 1 1 14 5 -1 10 6 1 6 2 1 14 5 -1 11 6 1 7 3 1 14 5 -1 12 6 1 8 4 1 14 5 -1 13 6
 1 9 1 1 17 3 -1 15 7 1 1 2 1 17 3 -1 16 7 1 2 1 1 18 4 -1 15 7 1 3 2 1 18 4 -1
 16 7 1 4 3 1 18 4 -1 17 7 1 5 1 1 19 5 -1 15 7 1 6 2 1 19 5 -1 16 7 1 7 3 1 19
 5 -1 17 7 1 8 4 1 19 5 -1 18 7 1 9 1 1 20 6 -1 15 7 1 10 2 1 20 6 -1 16 7 1 11
 3 1 20 6 -1 17 7 1 12 4 1 20 6 -1 18 7 1 13 5 1 20 6 -1 19 7 1 14
 20 7 40 2038 1 1 0 2 2 0
 1 1 3 3 -1 1 2 1 3 3 -1 2 1 1 4 4 -1 1 2 1 4 4 -1 2 3 1 4 4 -1 3 1 1 5 5 -1 1 2
 1 5 5 -1 2 3 1 5 5 -1 3 4 1 5 5 -1 4 1 1 6 6 -1 1 2 1 6 6 -1 2 3 1 6 6 -1 3 4 1
 6 6 -1 4 5 1 6 6 -1 5 1 1 7 7 -1 1 2 1 7 7 -1 2 3 1 7 7 -1 3 4 1 7 7 -1 4 5 1 7
 7 -1 5 6 1 7 7 -1 6
 7 1 7 2078 0 0 0 1 1 0
 1 1 1 2 1 1 3 1 1 4 1 1 5 1 1 6 1 1 7 1 1
 1 25 210 2085 4 4 0 7 5 0
 0 -2 25 0 2 24 0 -2 21 0 2 16 0 -2 9 0 -2 25 0 0 25 0 0 25 0 0 25 0 0 25 0 2 24
 0 0 25 0 0 25 0 0 25 0 0 25 0 -2 21 0 0 25 0 0 25 0 0 25 0 0 25 0 2 16 0 0 25 0
 0 25 0 0 25 0 0 25 0 -2 9 0 0 25 0 0 25 0 0 25 0 0 25 0 -2 25 0 2 24 0 -2 21 0
 2 16 0 -2 9 0 -2 25 0 0 25 0 0 25 0 0 25 0 0 25 0 2 24 0 0 25 0 0 25 0 0 25 0 0
 25 0 -2 21 0 0 25 0 0 25 0 0 25 0 0 25 0 2 16 0 0 25 0 0 25 0 0 25 0 0 25 0 -2
 9 0 0 25 0 0 25 0 0 25 0 0 25 0 1 25 0 -2 23 0 2 20 0 -2 15 0 2 8 0 1 25 0 -2
 22 0 2 19 0 -2 14 0 2 7 0 -2 23 0 -2 22 0 0 25 0 0 25 0 0 25 0 2 20 0 2 19 0 0
 25 0 0 25 0 0 25 0 -2 15 0 -2 14 0 0 25 0 0 25 0 0 25 0 2 8 0 2 7 0 0 25 0 0 25
 0 0 25 0 -1 24 0 2 23 0 -2 18 0 2 13 0 -2 6 0 -1 24 0 2 22 0 -2 17 0 2 12 0 -2
 5 0 2 23 0 2 22 0 0 25 0 0 25 0 0 25 0 -2 18 0 -2 17 0 0 25 0 0 25 0 0 25 0 2
 13 0 2 12 0 0 25 0 0 25 0 0 25 0 -2 6 0 -2 5 0 0 25 0 0 25 0 0 25 0 1 21 0 -2
 20 0 2 18 0 -2 11 0 2 4 0 1 21 0 -2 19 0 2 17 0 -2 10 0 2 3 0 -2 20 0 -2 19 0 0
 25 0 0 25 0 0 25 0 2 18 0 2 17 0 0 25 0 0 25 0 0 25 0 -2 11 0 -2 10 0 0 25 0 0
 25 0 0 25 0 2 4 0 2 3 0 0 25 0 0 25 0 0 25 0 -1 16 0 2 15 0 -2 13 0 2 11 0 -2 2
 0 -1 16 0 2 14 0 -2 12 0 2 10 0 -2 1 0 2 15 0 2 14 0 0 25 0 0 25 0 0 25 0 -2 13
 0 -2 12 0 0 25 0 0 25 0 0 25 0 2 11 0 2 10 0 0 25 0 0 25 0 0 25 0 -2 2 0 -2 1 0
 0 25 0 0 25 0 0 25 0 1 9 0 -2 8 0 2 6 0 -2 4 0 2 2 0 1 9 0 -2 7 0 2 5 0 -2 3 0
 2 1 0 -2 8 0 -2 7 0 0 25 0 0 25 0 0 25 0 2 6 0 2 5 0 0 25 0 0 25 0 0 25 0 -2 4
 0 -2 3 0 0 25 0 0 25 0 0 25 0 2 2 0 2 1 0 0 25 0 0 25 0 0 25
 1 30 840 2295 3 3 0 7 5 0
 0 0 30 0 0 30 0 0 30 0 0 30 0 0 30 0 0 30 0 0 30 0 0 30 0 0 30 0 0 30 0 0 30 0
 0 30 0 0 30 0 0 30 0 0 30 0 0 30 0 0 30 0 0 30 0 0 30 0 0 30 0 2 30 0 -2 29 0 2
 25 0 -2 16 0 2 30 0 0 30 0 0 30 0 0 30 0 -2 29 0 0 30 0 0 30 0 0 30 0 2 25 0 0
 30 0 0 30 0 0 30 0 -2 16 0 0 30 0 0 30 0 0 30 0 -2 30 0 2 28 0 -2 24 0 2 15 0 -2
 30 0 0 30 0 0 30 0 0 30 0 2 28 0 0 30 0 0 30 0 0 30 0 -2 24 0 0 30 0 0 30 0 0
 30 0 2 15 0 0 30 0 0 30 0 0 30 0 2 29 0 -2 28 0 2 21 0 -2 12 0 2 29 0 0 30 0 0
 30 0 0 30 0 -2 28 0 0 30 0 0 30 0 0 30 0 2 21 0 0 30 0 0 30 0 0 30 0 -2 12 0 0
 30 0 0 30 0 0 30 0 -2 25 0 2 24 0 -2 21 0 2 7 0 -2 25 0 0 30 0 0 30 0 0 30 0 2
 24 0 0 30 0 0 30 0 0 30 0 -2 21 0 0 30 0 0 30 0 0 30 0 2 7 0 0 30 0 0 30 0 0 30
 0 2 16 0 -2 15 0 2 12 0 -2 7 0 2 16 0 0 30 0 0 30 0 0 30 0 -2 15 0 0 30 0 0 30
 0 0 30 0 2 12 0 0 30 0 0 30 0 0 30 0 -2 7 0 0 30 0 0 30 0 0 30 0 0 30 0 0 30 0
 0 30 0 0 30 0 0 30 0 0 30 0 0 30 0 0 30 0 0 30 0 0 30 0 0 30 0 0 30 0 0 30 0 0
 30 0 0 30 0 0 30 0 0 30 0 0 30 0 0 30 0 0 30 0 2 30 0 -2 29 0 2 25 0 -2 16 0 2
 30 0 0 30 0 0 30 0 0 30 0 -2 29 0 0 30 0 0 30 0 0 30 0 2 25 0 0 30 0 0 30 0 0
 30 0 -2 16 0 0 30 0 0 30 0 0 30 0 -2 30 0 2 28 0 -2 24 0 2 15 0 -2 30 0 0 30 0
 0 30 0 0 30 0 2 28 0 0 30 0 0 30 0 0 30 0 -2 24 0 0 30 0 0 30 0 0 30 0 2 15 0 0
 30 0 0 30 0 0 30 0 2 29 0 -2 28 0 2 21 0 -2 12 0 2 29 0 0 30 0 0 30 0 0 30 0 -2
 28 0 0 30 0 0 30 0 0 30 0 2 21 0 0 30 0 0 30 0 0 30 0 -2 12 0 0 30 0 0 30 0 0
 30 0 -2 25 0 2 24 0 -2 21 0 2 7 0 -2 25 0 0 30 0 0 30 0 0 30 0 2 24 0 0 30 0 0
 30 0 0 30 0 -2 21 0 0 30 0 0 30 0 0 30 0 2 7 0 0 30 0 0 30 0 0 30 0 2 16 0 -2
 15 0 2 12 0 -2 7 0 2 16 0 0 30 0 0 30 0 0 30 0 -2 15 0 0 30 0 0 30 0 0 30 0 2
 12 0 0 30 0 0 30 0 0 30 0 -2 7 0 0 30 0 0 30 0 0 30 0 -2 30 0 2 29 0 -2 25 0 2
 16 0 -2 30 0 0 30 0 0 30 0 0 30 0 2 29 0 0 30 0 0 30 0 0 30 0 -2 25 0 0 30 0 0
 30 0 0 30 0 2 16 0 0 30 0 0 30 0 0 30 0 -2 30 0 2 29 0 -2 25 0 2 16 0 -2 30 0 0
 30 0 0 30 0 0 30 0 2 29 0 0 30 0 0 30 0 0 30 0 -2 25 0 0 30 0 0 30 0 0 30 0 2
 16 0 0 30 0 0 30 0 0 30 0 1 30 0 -2 27 0 2 23 0 -2 14 0 1 30 0 -2 26 0 2 22 0 -2
 13 0 -2 27 0 -2 26 0 0 30 0 0 30 0 2 23 0 2 22 0 0 30 0 0 30 0 -2 14 0 -2 13 0
 0 30 0 0 30 0 -1 29 0 2 27 0 -2 20 0 2 11 0 -1 29 0 2 26 0 -2 19 0 2 10 0 2 27
 0 2 26 0 0 30 0 0 30 0 -2 20 0 -2 19 0 0 30 0 0 30 0 2 11 0 2 10 0 0 30 0 0 30
 0 1 25 0 -2 23 0 2 20 0 -2 6 0 1 25 0 -2 22 0 2 19 0 -2 5 0 -2 23 0 -2 22 0 0
 30 0 0 30 0 2 20 0 2 19 0 0 30 0 0 30 0 -2 6 0 -2 5 0 0 30 0 0 30 0 -1 16 0 2
 14 0 -2 11 0 2 6 0 -1 16 0 2 13 0 -2 10 0 2 5 0 2 14 0 2 13 0 0 30 0 0 30 0 -2
 11 0 -2 10 0 0 30 0 0 30 0 2 6 0 2 5 0 0 30 0 0 30 0 2 30 0 -2 28 0 2 24 0 -2
 15 0 2 30 0 0 30 0 0 30 0 0 30 0 -2 28 0 0 30 0 0 30 0 0 30 0 2 24 0 0 30 0 0
 30 0 0 30 0 -2 15 0 0 30 0 0 30 0 0 30 0 2 30 0 -2 28 0 2 24 0 -2 15 0 2 30 0 0
 30 0 0 30 0 0 30 0 -2 28 0 0 30 0 0 30 0 0 30 0 2 24 0 0 30 0 0 30 0 0 30 0 -2
 15 0 0 30 0 0 30 0 0 30 0 -1 30 0 2 27 0 -2 23 0 2 14 0 -1 30 0 2 26 0 -2 22 0
 2 13 0 2 27 0 2 26 0 0 30 0 0 30 0 -2 23 0 -2 22 0 0 30 0 0 30 0 2 14 0 2 13 0
 0 30 0 0 30 0 1 28 0 -2 27 0 2 18 0 -2 9 0 1 28 0 -2 26 0 2 17 0 -2 8 0 -2 27 0
 -2 26 0 0 30 0 0 30 0 2 18 0 2 17 0 0 30 0 0 30 0 -2 9 0 -2 8 0 0 30 0 0 30 0 -1
 24 0 2 23 0 -2 18 0 2 4 0 -1 24 0 2 22 0 -2 17 0 2 3 0 2 23 0 2 22 0 0 30 0 0
 30 0 -2 18 0 -2 17 0 0 30 0 0 30 0 2 4 0 2 3 0 0 30 0 0 30 0 1 15 0 -2 14 0 2 9
 0 -2 4 0 1 15 0 -2 13 0 2 8 0 -2 3 0 -2 14 0 -2 13 0 0 30 0 0 30 0 2 9 0 2 8 0
 0 30 0 0 30 0 -2 4 0 -2 3 0 0 30 0 0 30 0 -2 29 0 2 28 0 -2 21 0 2 12 0 -2 29 0
 0 30 0 0 30 0 0 30 0 2 28 0 0 30 0 0 30 0 0 30 0 -2 21 0 0 30 0 0 30 0 0 30 0 2
 12 0 0 30 0 0 30 0 0 30 0 -2 29 0 2 28 0 -2 21 0 2 12 0 -2 29 0 0 30 0 0 30 0 0
 30 0 2 28 0 0 30 0 0 30 0 0 30 0 -2 21 0 0 30 0 0 30 0 0 30 0 2 12 0 0 30 0 0
 30 0 0 30 0 1 29 0 -2 27 0 2 20 0 -2 11 0 1 29 0 -2 26 0 2 19 0 -2 10 0 -2 27 0
 -2 26 0 0 30 0 0 30 0 2 20 0 2 19 0 0 30 0 0 30 0 -2 11 0 -2 10 0 0 30 0 0 30 0
 -1 28 0 2 27 0 -2 18 0 2 9 0 -1 28 0 2 26 0 -2 17 0 2 8 0 2 27 0 2 26 0 0 30 0
 0 30 0 -2 18 0 -2 17 0 0 30 0 0 30 0 2 9 0 2 8 0 0 30 0 0 30 0 1 21 0 -2 20 0 2
 18 0 -2 2 0 1 21 0 -2 19 0 2 17 0 -2 1 0 -2 20 0 -2 19 0 0 30 0 0 30 0 2 18 0 2
 17 0 0 30 0 0 30 0 -2 2 0 -2 1 0 0 30 0 0 30 0 -1 12 0 2 11 0 -2 9 0 2 2 0 -1
 12 0 2 10 0 -2 8 0 2 1 0 2 11 0 2 10 0 0 30 0 0 30 0 -2 9 0 -2 8 0 0 30 0 0 30
 0 2 2 0 2 1 0 0 30 0 0 30 0 2 25 0 -2 24 0 2 21 0 -2 7 0 2 25 0 0 30 0 0 30 0 0
 30 0 -2 24 0 0 30 0 0 30 0 0 30 0 2 21 0 0 30 0 0 30 0 0 30 0 -2 7 0 0 30 0 0
 30 0 0 30 0 2 25 0 -2 24 0 2 21 0 -2 7 0 2 25 0 0 30 0 0 30 0 0 30 0 -2 24 0 0
 30 0 0 30 0 0 30 0 2 21 0 0 30 0 0 30 0 0 30 0 -2 7 0 0 30 0 0 30 0 0 30 0 -1
 25 0 2 23 0 -2 20 0 2 6 0 -1 25 0 2 22 0 -2 19 0 2 5 0 2 23 0 2 22 0 0 30 0 0
 30 0 -2 20 0 -2 19 0 0 30 0 0 30 0 2 6 0 2 5 0 0 30 0 0 30 0 1 24 0 -2 23 0 2
 18 0 -2 4 0 1 24 0 -2 22 0 2 17 0 -2 3 0 -2 23 0 -2 22 0 0 30 0 0 30 0 2 18 0 2
 17 0 0 30 0 0 30 0 -2 4 0 -2 3 0 0 30 0 0 30 0 -1 21 0 2 20 0 -2 18 0 2 2 0 -1
 21 0 2 19 0 -2 17 0 2 1 0 2 20 0 2 19 0 0 30 0 0 30 0 -2 18 0 -2 17 0 0 30 0 0
 30 0 2 2 0 2 1 0 0 30 0 0 30 0 1 7 0 -2 6 0 2 4 0 -2 2 0 1 7 0 -2 5 0 2 3 0 -2
 1 0 -2 6 0 -2 5 0 0 30 0 0 30 0 2 4 0 2 3 0 0 30 0 0 30 0 -2 2 0 -2 1 0 0 30 0
 0 30 0 -2 16 0 2 15 0 -2 12 0 2 7 0 -2 16 0 0 30 0 0 30 0 0 30 0 2 15 0 0 30 0
 0 30 0 0 30 0 -2 12 0 0 30 0 0 30 0 0 30 0 2 7 0 0 30 0 0 30 0 0 30 0 -2 16 0 2
 15 0 -2 12 0 2 7 0 -2 16 0 0 30 0 0 30 0 0 30 0 2 15 0 0 30 0 0 30 0 0 30 0 -2
 12 0 0 30 0 0 30 0 0 30 0 2 7 0 0 30 0 0 30 0 0 30 0 1 16 0 -2 14 0 2 11 0 -2 6
 0 1 16 0 -2 13 0 2 10 0 -2 5 0 -2 14 0 -2 13 0 0 30 0 0 30 0 2 11 0 2 10 0 0 30
 0 0 30 0 -2 6 0 -2 5 0 0 30 0 0 30 0 -1 15 0 2 14 0 -2 9 0 2 4 0 -1 15 0 2 13 0
 -2 8 0 2 3 0 2 14 0 2 13 0 0 30 0 0 30 0 -2 9 0 -2 8 0 0 30 0 0 30 0 2 4 0 2 3
 0 0 30 0 0 30 0 1 12 0 -2 11 0 2 9 0 -2 2 0 1 12 0 -2 10 0 2 8 0 -2 1 0 -2 11 0
 -2 10 0 0 30 0 0 30 0 2 9 0 2 8 0 0 30 0 0 30 0 -2 2 0 -2 1 0 0 30 0 0 30 0 -1
 7 0 2 6 0 -2 4 0 2 2 0 -1 7 0 2 5 0 -2 3 0 2 1 0 2 6 0 2 5 0 0 30 0 0 30 0 -2 4
 0 -2 3 0 0 30 0 0 30 0 2 2 0 2 1 0 0 30 0 0 30
 1 7 7 3135 6 4 0 7 5 0
 1 -2 7 2 -2 6 3 1 5 4 -1 4 5 1 3 6 -1 2 7 1 1
 7 20 42 3142 5 3 0 6 4 0
 1 -2 6 2 -2 5 3 1 4 4 -1 3 5 1 2 6 -1 1 1 -2 11 2 -2 10 3 1 9 4 -1 8 5 1 7 7 -1
 1 1 -2 15 2 -2 14 3 1 13 4 -1 12 6 1 7 7 -1 2 1 -2 18 2 -2 17 3 1 16 5 -1 12 6
 1 8 7 -1 3 1 -2 20 2 -2 19 4 1 16 5 -1 13 6 1 9 7 -1 4 1 0 6 3 -1 19 4 1 17 5 -1
 14 6 1 10 7 -1 5 2 0 6 3 -1 20 4 1 18 5 -1 15 6 1 11 7 -1 6
 20 30 100 3184 4 2 0 5 3 0
 1 -2 5 2 -2 4 3 1 3 4 -1 2 5 1 1 1 -2 9 2 -2 8 3 1 7 4 -1 6 6 1 1 1 -2 12 2 -2
 11 3 1 10 5 -1 6 6 1 2 1 -2 14 2 -2 13 4 1 10 5 -1 7 6 1 3 1 0 5 3 -1 13 4 1 11
 5 -1 8 6 1 4 2 0 5 3 -1 14 4 1 12 5 -1 9 6 1 5 1 -2 18 2 -2 17 3 1 16 4 -1 15 7
 1 1 1 -2 21 2 -2 20 3 1 19 5 -1 15 7 1 2 1 -2 23 2 -2 22 4 1 19 5 -1 16 7 1 3 1
 0 5 3 -1 22 4 1 20 5 -1 17 7 1 4 2 0 5 3 -1 23 4 1 21 5 -1 18 7 1 5 1 -2 26 2 -2
 25 3 1 24 6 -1 15 7 1 6 1 -2 28 2 -2 27 4 1 24 6 -1 16 7 1 7 1 0 5 3 -1 27 4 1
 25 6 -1 17 7 1 8 2 0 5 3 -1 28 4 1 26 6 -1 18 7 1 9 1 -2 30 2 -2 29 5 1 24 6 -1
 19 7 1 10 1 0 5 3 -1 29 5 1 25 6 -1 20 7 1 11 2 0 5 3 -1 30 5 1 26 6 -1 21 7 1
 12 1 0 5 4 -1 29 5 1 27 6 -1 22 7 1 13 2 0 5 4 -1 30 5 1 28 6 -1 23 7 1 14
 30 25 120 3284 3 1 0 4 2 0
 1 -2 4 2 -2 3 3 1 2 4 -1 1 1 -2 7 2 -2 6 3 1 5 5 -1 1 1 -2 9 2 -2 8 4 1 5 5 -1
 2 1 0 4 3 -1 8 4 1 6 5 -1 3 2 0 4 3 -1 9 4 1 7 5 -1 4 1 -2 12 2 -2 11 3 1 10 6
 -1 1 1 -2 14 2 -2 13 4 1 10 6 -1 2 1 0 4 3 -1 13 4 1 11 6 -1 3 2 0 4 3 -1 14 4
 1 12 6 -1 4 1 -2 16 2 -2 15 5 1 10 6 -1 5 1 0 4 3 -1 15 5 1 11 6 -1 6 2 0 4 3 -1
 16 5 1 12 6 -1 7 1 0 4 4 -1 15 5 1 13 6 -1 8 2 0 4 4 -1 16 5 1 14 6 -1 9 1 -2
 19 2 -2 18 3 1 17 7 -1 1 1 -2 21 2 -2 20 4 1 17 7 -1 2 1 0 4 3 -1 20 4 1 18 7 -1
 3 2 0 4 3 -1 21 4 1 19 7 -1 4 1 -2 23 2 -2 22 5 1 17 7 -1 5 1 0 4 3 -1 22 5 1
 18 7 -1 6 2 0 4 3 -1 23 5 1 19 7 -1 7 1 0 4 4 -1 22 5 1 20 7 -1 8 2 0 4 4 -1 23
 5 1 21 7 -1 9 1 -2 25 2 -2 24 6 1 17 7 -1 10 1 0 4 3 -1 24 6 1 18 7 -1 11 2 0 4
 3 -1 25 6 1 19 7 -1 12 1 0 4 4 -1 24 6 1 20 7 -1 13 2 0 4 4 -1 25 6 1 21 7 -1
 14 1 0 4 5 -1 24 6 1 22 7 -1 15 2 0 4 5 -1 25 6 1 23 7 -1 16
 25 11 75 3404 2 0 0 3 1 0
 1 -2 3 2 -2 2 3 1 1 1 -2 5 2 -2 4 4 1 1 1 0 3 3 -1 4 4 1 2 2 0 3 3 -1 5 4 1 3 1
 -2 7 2 -2 6 5 1 1 1 0 3 3 -1 6 5 1 2 2 0 3 3 -1 7 5 1 3 1 0 3 4 -1 6 5 1 4 2 0
 3 4 -1 7 5 1 5 1 -2 9 2 -2 8 6 1 1 1 0 3 3 -1 8 6 1 2 2 0 3 3 -1 9 6 1 3 1 0 3
 4 -1 8 6 1 4 2 0 3 4 -1 9 6 1 5 1 0 3 5 -1 8 6 1 6 2 0 3 5 -1 9 6 1 7 1 -2 11 2
 -2 10 7 1 1 1 0 3 3 -1 10 7 1 2 2 0 3 3 -1 11 7 1 3 1 0 3 4 -1 10 7 1 4 2 0 3 4
 -1 11 7 1 5 1 0 3 5 -1 10 7 1 6 2 0 3 5 -1 11 7 1 7 1 0 3 6 -1 10 7 1 8 2 0 3 6
 -1 11 7 1 9
 11 7 22 3479 1 0 1 2 0 0
 1 1 2 2 1 1 1 1 3 3 1 1 2 1 3 3 1 2 1 1 4 4 1 1 2 1 4 4 1 2 1 1 5 5 1 1 2 1 5 5
 1 2 1 1 6 6 1 1 2 1 6 6 1 2 1 1 7 7 1 1 2 1 7 7 1 2
 1 20 42 3501 5 3 0 7 5 0
 0 0 20 0 2 20 0 -2 18 0 2 15 0 -2 11 0 2 6 0 0 20 0 2 19 0 -2 17 0 2 14 0 -2 10
 0 2 5 0 -2 20 0 -2 19 0 1 16 0 -1 13 0 1 9 0 -1 4 0 2 18 0 2 17 0 -1 16 0 1 12
 0 -1 8 0 1 3 0 -2 15 0 -2 14 0 1 13 0 -1 12 0 1 7 0 -1 2 0 2 11 0 2 10 0 -1 9 0
 1 8 0 -1 7 0 1 1 0 -2 6 0 -2 5 0 1 4 0 -1 3 0 1 2 0 -1 1
 1 30 210 3543 4 2 0 7 5 0
 0 0 30 0 0 30 0 0 30 0 0 30 0 0 30 0 0 30 0 -2 30 0 2 28 0 -2 23 0 2 14 0 0 30
 0 2 30 0 -2 26 0 2 21 0 -2 12 0 0 30 0 -2 28 0 2 26 0 -2 18 0 2 9 0 0 30 0 2 23
 0 -2 21 0 2 18 0 -2 5 0 0 30 0 -2 14 0 2 12 0 -2 9 0 2 5 0 0 30 0 0 30 0 0 30 0
 0 30 0 0 30 0 0 30 0 -2 29 0 2 27 0 -2 22 0 2 13 0 0 30 0 2 29 0 -2 25 0 2 20 0
 -2 11 0 0 30 0 -2 27 0 2 25 0 -2 17 0 2 8 0 0 30 0 2 22 0 -2 20 0 2 17 0 -2 4 0
 0 30 0 -2 13 0 2 11 0 -2 8 0 2 4 0 0 30 0 2 30 0 -2 28 0 2 23 0 -2 14 0 0 30 0
 2 29 0 -2 27 0 2 22 0 -2 13 0 -2 30 0 -2 29 0 1 24 0 -1 19 0 1 10 0 2 28 0 2 27
 0 -1 24 0 1 16 0 -1 7 0 -2 23 0 -2 22 0 1 19 0 -1 16 0 1 3 0 2 14 0 2 13 0 -1
 10 0 1 7 0 -1 3 0 0 30 0 -2 30 0 2 26 0 -2 21 0 2 12 0 0 30 0 -2 29 0 2 25 0 -2
 20 0 2 11 0 2 30 0 2 29 0 -1 24 0 1 19 0 -1 10 0 -2 26 0 -2 25 0 1 24 0 -1 15 0
 1 6 0 2 21 0 2 20 0 -1 19 0 1 15 0 -1 2 0 -2 12 0 -2 11 0 1 10 0 -1 6 0 1 2 0 0
 30 0 2 28 0 -2 26 0 2 18 0 -2 9 0 0 30 0 2 27 0 -2 25 0 2 17 0 -2 8 0 -2 28 0 -2
 27 0 1 24 0 -1 16 0 1 7 0 2 26 0 2 25 0 -1 24 0 1 15 0 -1 6 0 -2 18 0 -2 17 0 1
 16 0 -1 15 0 1 1 0 2 9 0 2 8 0 -1 7 0 1 6 0 -1 1 0 0 30 0 -2 23 0 2 21 0 -2 18
 0 2 5 0 0 30 0 -2 22 0 2 20 0 -2 17 0 2 4 0 2 23 0 2 22 0 -1 19 0 1 16 0 -1 3 0
 -2 21 0 -2 20 0 1 19 0 -1 15 0 1 2 0 2 18 0 2 17 0 -1 16 0 1 15 0 -1 1 0 -2 5 0
 -2 4 0 1 3 0 -1 2 0 1 1 0 0 30 0 2 14 0 -2 12 0 2 9 0 -2 5 0 0 30 0 2 13 0 -2
 11 0 2 8 0 -2 4 0 -2 14 0 -2 13 0 1 10 0 -1 7 0 1 3 0 2 12 0 2 11 0 -1 10 0 1 6
 0 -1 2 0 -2 9 0 -2 8 0 1 7 0 -1 6 0 1 1 0 2 5 0 2 4 0 -1 3 0 1 2 0 -1 1
 1 25 840 3753 3 1 0 7 5 0
 0 0 25 0 0 25 0 0 25 0 0 25 0 0 25 0 0 25 0 0 25 0 0 25 0 0 25 0 0 25 0 0 25 0
 0 25 0 0 25 0 0 25 0 0 25 0 0 25 0 0 25 0 0 25 0 0 25 0 0 25 0 0 25 0 0 25 0 0
 25 0 0 25 0 0 25 0 2 25 0 -2 23 0 2 16 0 0 25 0 -2 25 0 2 21 0 -2 14 0 0 25 0 2
 23 0 -2 21 0 2 9 0 0 25 0 -2 16 0 2 14 0 -2 9 0 0 25 0 0 25 0 0 25 0 0 25 0 0
 25 0 -2 25 0 2 23 0 -2 16 0 0 25 0 2 25 0 -2 19 0 2 12 0 0 25 0 -2 23 0 2 19 0
 -2 7 0 0 25 0 2 16 0 -2 12 0 2 7 0 0 25 0 0 25 0 0 25 0 0 25 0 0 25 0 2 25 0 -2
 21 0 2 14 0 0 25 0 -2 25 0 2 19 0 -2 12 0 0 25 0 2 21 0 -2 19 0 2 4 0 0 25 0 -2
 14 0 2 12 0 -2 4 0 0 25 0 0 25 0 0 25 0 0 25 0 0 25 0 -2 23 0 2 21 0 -2 9 0 0
 25 0 2 23 0 -2 19 0 2 7 0 0 25 0 -2 21 0 2 19 0 -2 4 0 0 25 0 2 9 0 -2 7 0 2 4
 0 0 25 0 0 25 0 0 25 0 0 25 0 0 25 0 2 16 0 -2 14 0 2 9 0 0 25 0 -2 16 0 2 12 0
 -2 7 0 0 25 0 2 14 0 -2 12 0 2 4 0 0 25 0 -2 9 0 2 7 0 -2 4 0 0 25 0 0 25 0 0
 25 0 0 25 0 0 25 0 0 25 0 0 25 0 0 25 0 0 25 0 0 25 0 0 25 0 0 25 0 0 25 0 0 25
 0 0 25 0 0 25 0 0 25 0 0 25 0 0 25 0 0 25 0 0 25 0 0 25 0 0 25 0 0 25 0 0 25 0
 2 24 0 -2 22 0 2 15 0 0 25 0 -2 24 0 2 20 0 -2 13 0 0 25 0 2 22 0 -2 20 0 2 8 0
 0 25 0 -2 15 0 2 13 0 -2 8 0 0 25 0 0 25 0 0 25 0 0 25 0 0 25 0 -2 24 0 2 22 0
 -2 15 0 0 25 0 2 24 0 -2 18 0 2 11 0 0 25 0 -2 22 0 2 18 0 -2 6 0 0 25 0 2 15 0
 -2 11 0 2 6 0 0 25 0 0 25 0 0 25 0 0 25 0 0 25 0 2 24 0 -2 20 0 2 13 0 0 25 0 -2
 24 0 2 18 0 -2 11 0 0 25 0 2 20 0 -2 18 0 2 3 0 0 25 0 -2 13 0 2 11 0 -2 3 0 0
 25 0 0 25 0 0 25 0 0 25 0 0 25 0 -2 22 0 2 20 0 -2 8 0 0 25 0 2 22 0 -2 18 0 2
 6 0 0 25 0 -2 20 0 2 18 0 -2 3 0 0 25 0 2 8 0 -2 6 0 2 3 0 0 25 0 0 25 0 0 25 0
 0 25 0 0 25 0 2 15 0 -2 13 0 2 8 0 0 25 0 -2 15 0 2 11 0 -2 6 0 0 25 0 2 13 0 -2
 11 0 2 3 0 0 25 0 -2 8 0 2 6 0 -2 3 0 0 25 0 0 25 0 0 25 0 0 25 0 0 25 0 -2 25
 0 2 23 0 -2 16 0 0 25 0 2 25 0 -2 21 0 2 14 0 0 25 0 -2 23 0 2 21 0 -2 9 0 0 25
 0 2 16 0 -2 14 0 2 9 0 0 25 0 0 25 0 0 25 0 0 25 0 0 25 0 -2 24 0 2 22 0 -2 15
 0 0 25 0 2 24 0 -2 20 0 2 13 0 0 25 0 -2 22 0 2 20 0 -2 8 0 0 25 0 2 15 0 -2 13
 0 2 8 0 0 25 0 2 25 0 -2 23 0 2 16 0 0 25 0 2 24 0 -2 22 0 2 15 0 -2 25 0 -2 24
 0 1 17 0 -1 10 0 2 23 0 2 22 0 -1 17 0 1 5 0 -2 16 0 -2 15 0 1 10 0 -1 5 0 0 25
 0 -2 25 0 2 21 0 -2 14 0 0 25 0 -2 24 0 2 20 0 -2 13 0 2 25 0 2 24 0 -1 17 0 1
 10 0 -2 21 0 -2 20 0 1 17 0 -1 2 0 2 14 0 2 13 0 -1 10 0 1 2 0 0 25 0 2 23 0 -2
 21 0 2 9 0 0 25 0 2 22 0 -2 20 0 2 8 0 -2 23 0 -2 22 0 1 17 0 -1 5 0 2 21 0 2
 20 0 -1 17 0 1 2 0 -2 9 0 -2 8 0 1 5 0 -1 2 0 0 25 0 -2 16 0 2 14 0 -2 9 0 0 25
 0 -2 15 0 2 13 0 -2 8 0 2 16 0 2 15 0 -1 10 0 1 5 0 -2 14 0 -2 13 0 1 10 0 -1 2
 0 2 9 0 2 8 0 -1 5 0 1 2 0 0 25 0 0 25 0 0 25 0 0 25 0 0 25 0 2 25 0 -2 23 0 2
 16 0 0 25 0 -2 25 0 2 19 0 -2 12 0 0 25 0 2 23 0 -2 19 0 2 7 0 0 25 0 -2 16 0 2
 12 0 -2 7 0 0 25 0 0 25 0 0 25 0 0 25 0 0 25 0 2 24 0 -2 22 0 2 15 0 0 25 0 -2
 24 0 2 18 0 -2 11 0 0 25 0 2 22 0 -2 18 0 2 6 0 0 25 0 -2 15 0 2 11 0 -2 6 0 0
 25 0 -2 25 0 2 23 0 -2 16 0 0 25 0 -2 24 0 2 22 0 -2 15 0 2 25 0 2 24 0 -1 17 0
 1 10 0 -2 23 0 -2 22 0 1 17 0 -1 5 0 2 16 0 2 15 0 -1 10 0 1 5 0 0 25 0 2 25 0
 -2 19 0 2 12 0 0 25 0 2 24 0 -2 18 0 2 11 0 -2 25 0 -2 24 0 1 17 0 -1 10 0 2 19
 0 2 18 0 -1 17 0 1 1 0 -2 12 0 -2 11 0 1 10 0 -1 1 0 0 25 0 -2 23 0 2 19 0 -2 7
 0 0 25 0 -2 22 0 2 18 0 -2 6 0 2 23 0 2 22 0 -1 17 0 1 5 0 -2 19 0 -2 18 0 1 17
 0 -1 1 0 2 7 0 2 6 0 -1 5 0 1 1 0 0 25 0 2 16 0 -2 12 0 2 7 0 0 25 0 2 15 0 -2
 11 0 2 6 0 -2 16 0 -2 15 0 1 10 0 -1 5 0 2 12 0 2 11 0 -1 10 0 1 1 0 -2 7 0 -2
 6 0 1 5 0 -1 1 0 0 25 0 0 25 0 0 25 0 0 25 0 0 25 0 -2 25 0 2 21 0 -2 14 0 0 25
 0 2 25 0 -2 19 0 2 12 0 0 25 0 -2 21 0 2 19 0 -2 4 0 0 25 0 2 14 0 -2 12 0 2 4
 0 0 25 0 0 25 0 0 25 0 0 25 0 0 25 0 -2 24 0 2 20 0 -2 13 0 0 25 0 2 24 0 -2 18
 0 2 11 0 0 25 0 -2 20 0 2 18 0 -2 3 0 0 25 0 2 13 0 -2 11 0 2 3 0 0 25 0 2 25 0
 -2 21 0 2 14 0 0 25 0 2 24 0 -2 20 0 2 13 0 -2 25 0 -2 24 0 1 17 0 -1 10 0 2 21
 0 2 20 0 -1 17 0 1 2 0 -2 14 0 -2 13 0 1 10 0 -1 2 0 0 25 0 -2 25 0 2 19 0 -2
 12 0 0 25 0 -2 24 0 2 18 0 -2 11 0 2 25 0 2 24 0 -1 17 0 1 10 0 -2 19 0 -2 18 0
 1 17 0 -1 1 0 2 12 0 2 11 0 -1 10 0 1 1 0 0 25 0 2 21 0 -2 19 0 2 4 0 0 25 0 2
 20 0 -2 18 0 2 3 0 -2 21 0 -2 20 0 1 17 0 -1 2 0 2 19 0 2 18 0 -1 17 0 1 1 0 -2
 4 0 -2 3 0 1 2 0 -1 1 0 0 25 0 -2 14 0 2 12 0 -2 4 0 0 25 0 -2 13 0 2 11 0 -2 3
 0 2 14 0 2 13 0 -1 10 0 1 2 0 -2 12 0 -2 11 0 1 10 0 -1 1 0 2 4 0 2 3 0 -1 2 0
 1 1 0 0 25 0 0 25 0 0 25 0 0 25 0 0 25 0 2 23 0 -2 21 0 2 9 0 0 25 0 -2 23 0 2
 19 0 -2 7 0 0 25 0 2 21 0 -2 19 0 2 4 0 0 25 0 -2 9 0 2 7 0 -2 4 0 0 25 0 0 25
 0 0 25 0 0 25 0 0 25 0 2 22 0 -2 20 0 2 8 0 0 25 0 -2 22 0 2 18 0 -2 6 0 0 25 0
 2 20 0 -2 18 0 2 3 0 0 25 0 -2 8 0 2 6 0 -2 3 0 0 25 0 -2 23 0 2 21 0 -2 9 0 0
 25 0 -2 22 0 2 20 0 -2 8 0 2 23 0 2 22 0 -1 17 0 1 5 0 -2 21 0 -2 20 0 1 17 0 -1
 2 0 2 9 0 2 8 0 -1 5 0 1 2 0 0 25 0 2 23 0 -2 19 0 2 7 0 0 25 0 2 22 0 -2 18 0
 2 6 0 -2 23 0 -2 22 0 1 17 0 -1 5 0 2 19 0 2 18 0 -1 17 0 1 1 0 -2 7 0 -2 6 0 1
 5 0 -1 1 0 0 25 0 -2 21 0 2 19 0 -2 4 0 0 25 0 -2 20 0 2 18 0 -2 3 0 2 21 0 2
 20 0 -1 17 0 1 2 0 -2 19 0 -2 18 0 1 17 0 -1 1 0 2 4 0 2 3 0 -1 2 0 1 1 0 0 25
 0 2 9 0 -2 7 0 2 4 0 0 25 0 2 8 0 -2 6 0 2 3 0 -2 9 0 -2 8 0 1 5 0 -1 2 0 2 7 0
 2 6 0 -1 5 0 1 1 0 -2 4 0 -2 3 0 1 2 0 -1 1 0 0 25 0 0 25 0 0 25 0 0 25 0 0 25
 0 -2 16 0 2 14 0 -2 9 0 0 25 0 2 16 0 -2 12 0 2 7 0 0 25 0 -2 14 0 2 12 0 -2 4
 0 0 25 0 2 9 0 -2 7 0 2 4 0 0 25 0 0 25 0 0 25 0 0 25 0 0 25 0 -2 15 0 2 13 0 -2
 8 0 0 25 0 2 15 0 -2 11 0 2 6 0 0 25 0 -2 13 0 2 11 0 -2 3 0 0 25 0 2 8 0 -2 6
 0 2 3 0 0 25 0 2 16 0 -2 14 0 2 9 0 0 25 0 2 15 0 -2 13 0 2 8 0 -2 16 0 -2 15 0
 1 10 0 -1 5 0 2 14 0 2 13 0 -1 10 0 1 2 0 -2 9 0 -2 8 0 1 5 0 -1 2 0 0 25 0 -2
 16 0 2 12 0 -2 7 0 0 25 0 -2 15 0 2 11 0 -2 6 0 2 16 0 2 15 0 -1 10 0 1 5 0 -2
 12 0 -2 11 0 1 10 0 -1 1 0 2 7 0 2 6 0 -1 5 0 1 1 0 0 25 0 2 14 0 -2 12 0 2 4 0
 0 25 0 2 13 0 -2 11 0 2 3 0 -2 14 0 -2 13 0 1 10 0 -1 2 0 2 12 0 2 11 0 -1 10 0
 1 1 0 -2 4 0 -2 3 0 1 2 0 -1 1 0 0 25 0 -2 9 0 2 7 0 -2 4 0 0 25 0 -2 8 0 2 6 0
 -2 3 0 2 9 0 2 8 0 -1 5 0 1 2 0 -2 7 0 -2 6 0 1 5 0 -1 1 0 2 4 0 2 3 0 -1 2 0 1
 1
 1 7 7 4593 6 4 0 7 5 0
 1 1 7 2 1 6 3 -2 5 4 2 4 5 -2 3 6 2 2 7 -2 1
 0 0 0 0 0 0 0 0 0 0
 0 0 0 0 0 0 0 0 0 0
