 7 1 1 0 1 2 3 4 5 6 7
 1 165 210 1 4 1 3 7 1 0
 0 -2 163 0 -2 160 0 -2 151 0 -2 121 0 4 79 0 -2 165 0 -2 158 0 1 150 0 1 118 0
 -2 78 0 -2 161 0 -2 158 0 1 136 0 1 104 0 -2 64 0 -2 152 0 1 146 0 1 135 0 -2
 92 0 -2 49 0 -2 123 0 1 120 0 1 108 0 -2 92 0 -2 27 0 4 80 0 -2 74 0 -2 63 0 -2
 48 0 -2 23 0 -2 163 0 -2 160 0 -2 151 0 -2 121 0 4 79 0 -2 165 0 -2 156 0 1 144
 0 1 112 0 -2 72 0 -2 161 0 -2 156 0 1 130 0 1 99 0 -2 59 0 -2 152 0 1 140 0 1
 128 0 -2 90 0 -2 45 0 -2 123 0 1 113 0 1 101 0 -2 90 0 -2 21 0 4 80 0 -2 68 0 -2
 56 0 -2 42 0 -2 18 0 -2 164 0 -2 159 0 1 149 0 1 117 0 -2 77 0 -2 164 0 -2 155
 0 1 141 0 1 110 0 -2 70 0 -2 157 0 -2 154 0 -2 124 0 -2 94 0 4 52 0 1 145 0 1
 142 0 -2 125 0 -2 86 0 -2 37 0 1 119 0 1 114 0 -2 96 0 -2 86 0 -2 15 0 -2 73 0
 -2 69 0 4 53 0 -2 36 0 -2 11 0 -2 162 0 -2 159 0 1 138 0 1 106 0 -2 66 0 -2 162
 0 -2 155 0 1 131 0 1 100 0 -2 60 0 -2 157 0 -2 154 0 -2 124 0 -2 94 0 4 52 0 1
 134 0 1 132 0 -2 125 0 -2 84 0 -2 33 0 1 107 0 1 102 0 -2 96 0 -2 84 0 -2 9 0 -2
 62 0 -2 58 0 4 53 0 -2 31 0 -2 7 0 -2 153 0 1 147 0 1 137 0 -2 93 0 -2 51 0 -2
 153 0 1 139 0 1 127 0 -2 89 0 -2 44 0 1 148 0 1 143 0 -2 126 0 -2 87 0 -2 39 0
 1 133 0 1 129 0 -2 126 0 -2 83 0 -2 32 0 -2 91 0 -2 88 0 -2 85 0 -2 82 0 4 1 0
 -2 46 0 -2 41 0 -2 34 0 -2 28 0 4 2 0 -2 122 0 1 115 0 1 105 0 -2 93 0 -2 25 0
 -2 122 0 1 109 0 1 97 0 -2 89 0 -2 19 0 1 116 0 1 111 0 -2 95 0 -2 87 0 -2 14 0
 1 103 0 1 98 0 -2 95 0 -2 83 0 -2 6 0 -2 91 0 -2 88 0 -2 85 0 -2 82 0 4 1 0 -2
 22 0 -2 16 0 -2 10 0 -2 4 0 4 2 0 4 81 0 -2 75 0 -2 65 0 -2 50 0 -2 24 0 4 81 0
 -2 67 0 -2 55 0 -2 40 0 -2 17 0 -2 76 0 -2 71 0 4 54 0 -2 38 0 -2 12 0 -2 61 0
 -2 57 0 4 54 0 -2 30 0 -2 5 0 -2 47 0 -2 43 0 -2 35 0 -2 29 0 4 3 0 -2 26 0 -2
 20 0 -2 13 0 -2 8 0 4 3
 165 237 660 211 3 0 3 4 1 3
 1 1 10 2 1 7 3 1 4 4 1 1 1 1 12 2 1 8 3 1 6 4 1 2 1 1 11 2 1 9 3 1 5 4 1 3 1 1
 24 2 1 16 3 -2 14 5 -2 1 1 1 23 2 1 18 3 -2 13 5 -2 2 1 1 22 2 1 17 3 -2 14 5 -2
 2 1 1 25 2 1 19 3 -2 13 5 -2 3 1 1 27 2 1 20 3 -2 15 5 -2 1 1 1 26 2 1 21 3 -2
 15 5 -2 3 1 1 34 2 1 28 4 -2 14 5 -2 4 1 1 36 2 1 29 4 -2 13 5 -2 5 1 1 37 2 1
 31 4 -2 13 5 -2 6 1 1 39 2 1 32 4 -2 15 5 -2 4 1 1 35 2 1 30 4 -2 14 5 -2 6 1 1
 38 2 1 33 4 -2 15 5 -2 5 1 -2 41 3 1 30 4 1 17 5 -2 7 1 -2 40 3 1 29 4 1 19 5 -2
 8 1 -2 40 3 1 31 4 1 18 5 -2 9 1 -2 41 3 1 28 4 1 16 5 -2 8 1 -2 42 3 1 33 4 1
 21 5 -2 7 1 -2 42 3 1 32 4 1 20 5 -2 9 2 -2 41 3 1 35 4 1 22 5 -2 10 2 -2 40 3
 1 37 4 1 23 5 -2 11 2 -2 40 3 1 36 4 1 25 5 -2 12 2 -2 41 3 1 34 4 1 24 5 -2 12
 2 -2 42 3 1 38 4 1 26 5 -2 10 2 -2 42 3 1 39 4 1 27 5 -2 11 1 1 56 2 1 46 3 -2
 45 6 -2 1 1 1 54 2 1 47 3 -2 44 6 -2 1 1 1 55 2 1 49 3 -2 43 6 -2 2 1 1 57 2 1
 50 3 -2 43 6 -2 3 1 1 52 2 1 48 3 -2 45 6 -2 2 1 1 53 2 1 51 3 -2 44 6 -2 3 1 1
 66 2 1 58 4 -2 45 6 -2 4 1 1 65 2 1 59 4 -2 44 6 -2 4 1 1 68 2 1 60 4 -2 43 6 -2
 5 1 1 64 2 1 61 4 -2 44 6 -2 5 1 1 69 2 1 63 4 -2 43 6 -2 6 1 1 67 2 1 62 4 -2
 45 6 -2 6 1 -2 70 3 1 60 4 1 50 6 -2 8 1 -2 72 3 1 62 4 1 48 6 -2 7 1 -2 70 3 1
 63 4 1 49 6 -2 9 1 -2 71 3 1 61 4 1 51 6 -2 7 1 -2 72 3 1 58 4 1 46 6 -2 8 1 -2
 71 3 1 59 4 1 47 6 -2 9 2 -2 72 3 1 67 4 1 52 6 -2 10 2 -2 71 3 1 64 4 1 53 6 -2
 10 2 -2 70 3 1 69 4 1 55 6 -2 11 2 -2 71 3 1 65 4 1 54 6 -2 11 2 -2 70 3 1 68 4
 1 57 6 -2 12 2 -2 72 3 1 66 4 1 56 6 -2 12 1 1 76 2 1 73 5 1 43 6 1 13 1 1 78 2
 1 74 5 1 44 6 1 15 1 1 77 2 1 75 5 1 45 6 1 14 1 -2 79 3 -2 74 5 1 46 6 1 16 1
 -2 79 3 -2 75 5 1 47 6 1 20 1 -2 80 3 -2 73 5 1 48 6 1 17 1 -2 81 3 -2 73 5 1
 51 6 1 21 1 -2 80 3 -2 75 5 1 49 6 1 18 1 -2 81 3 -2 74 5 1 50 6 1 19 2 -2 80 3
 -2 76 5 1 52 6 1 22 2 -2 81 3 -2 76 5 1 53 6 1 26 2 -2 79 3 -2 77 5 1 54 6 1 27
 2 -2 80 3 -2 77 5 1 55 6 1 23 2 -2 79 3 -2 78 5 1 56 6 1 24 2 -2 81 3 -2 78 5 1
 57 6 1 25 1 -2 82 4 -2 74 5 1 58 6 1 28 1 -2 82 4 -2 75 5 1 59 6 1 32 1 -2 83 4
 -2 73 5 1 61 6 1 33 1 -2 83 4 -2 74 5 1 60 6 1 29 1 -2 84 4 -2 73 5 1 62 6 1 30
 1 -2 84 4 -2 75 5 1 63 6 1 31 2 -2 83 4 -2 76 5 1 64 6 1 38 2 -2 82 4 -2 77 5 1
 65 6 1 39 2 -2 82 4 -2 78 5 1 66 6 1 34 2 -2 84 4 -2 76 5 1 67 6 1 35 2 -2 83 4
 -2 78 5 1 68 6 1 36 2 -2 84 4 -2 77 5 1 69 6 1 37 3 1 82 4 1 79 5 1 70 6 1 40 3
 1 84 4 1 80 5 1 71 6 1 42 3 1 83 4 1 81 5 1 72 6 1 41 1 -2 100 2 -2 93 3 -2 85
 7 1 1 1 -2 102 2 -2 96 3 -2 87 7 1 2 1 -2 104 2 -2 99 3 -2 86 7 1 3 1 -2 124 2
 -2 115 4 -2 85 7 1 4 1 -2 125 2 -2 121 4 -2 86 7 1 5 1 -2 132 2 -2 123 4 -2 87
 7 1 6 1 -2 136 3 -2 117 4 -2 95 7 1 7 1 -2 138 3 -2 118 4 -2 97 7 1 8 1 -2 137
 3 -2 120 4 -2 98 7 1 9 2 -2 136 3 -2 127 4 -2 107 7 1 10 2 -2 137 3 -2 133 4 -2
 110 7 1 11 2 -2 138 3 -2 135 4 -2 111 7 1 12 1 -2 151 2 -2 144 5 -2 85 7 1 13 1
 -2 152 2 -2 146 5 -2 86 7 1 14 1 -2 160 2 -2 150 5 -2 87 7 1 15 1 -2 165 3 -2
 139 5 -2 88 7 1 16 1 -2 163 3 -2 141 5 -2 89 7 1 17 1 -2 164 3 -2 143 5 -2 90 7
 1 18 1 -2 167 3 -2 140 5 -2 91 7 1 19 1 -2 172 3 -2 149 5 -2 92 7 1 20 1 -2 173
 3 -2 148 5 -2 94 7 1 21 2 -2 163 3 -2 153 5 -2 101 7 1 22 2 -2 164 3 -2 155 5 -2
 103 7 1 23 2 -2 165 3 -2 156 5 -2 108 7 1 24 2 -2 167 3 -2 157 5 -2 109 7 1 25
 2 -2 173 3 -2 159 5 -2 105 7 1 26 2 -2 172 3 -2 161 5 -2 106 7 1 27 1 -2 175 4
 -2 139 5 -2 112 7 1 28 1 -2 177 4 -2 140 5 -2 113 7 1 29 1 -2 180 4 -2 141 5 -2
 119 7 1 30 1 -2 182 4 -2 143 5 -2 122 7 1 31 1 -2 183 4 -2 149 5 -2 114 7 1 32
 1 -2 184 4 -2 148 5 -2 116 7 1 33 2 -2 175 4 -2 156 5 -2 129 7 1 34 2 -2 180 4
 -2 153 5 -2 130 7 1 35 2 -2 177 4 -2 157 5 -2 131 7 1 36 2 -2 182 4 -2 155 5 -2
 134 7 1 37 2 -2 184 4 -2 159 5 -2 126 7 1 38 2 -2 183 4 -2 161 5 -2 128 7 1 39
 3 -2 178 4 -2 168 5 -2 136 7 1 40 3 -2 179 4 -2 170 5 -2 137 7 1 41 3 -2 186 4
 -2 174 5 -2 138 7 1 42 1 -2 200 2 -2 196 6 -2 85 7 1 43 1 -2 202 2 -2 197 6 -2
 87 7 1 44 1 -2 203 2 -2 198 6 -2 86 7 1 45 1 -2 217 3 -2 189 6 -2 88 7 1 46 1 -2
 212 3 -2 191 6 -2 92 7 1 47 1 -2 214 3 -2 194 6 -2 89 7 1 48 1 -2 213 3 -2 195
 6 -2 90 7 1 49 1 -2 219 3 -2 188 6 -2 91 7 1 50 1 -2 216 3 -2 190 6 -2 94 7 1
 51 2 -2 214 3 -2 205 6 -2 101 7 1 52 2 -2 216 3 -2 201 6 -2 105 7 1 53 2 -2 212
 3 -2 204 6 -2 106 7 1 54 2 -2 213 3 -2 207 6 -2 103 7 1 55 2 -2 217 3 -2 209 6
 -2 108 7 1 56 2 -2 219 3 -2 208 6 -2 109 7 1 57 1 -2 226 4 -2 189 6 -2 112 7 1
 58 1 -2 224 4 -2 191 6 -2 114 7 1 59 1 -2 228 4 -2 188 6 -2 113 7 1 60 1 -2 225
 4 -2 190 6 -2 116 7 1 61 1 -2 233 4 -2 194 6 -2 119 7 1 62 1 -2 230 4 -2 195 6
 -2 122 7 1 63 2 -2 225 4 -2 201 6 -2 126 7 1 64 2 -2 224 4 -2 204 6 -2 128 7 1
 65 2 -2 226 4 -2 209 6 -2 129 7 1 66 2 -2 233 4 -2 205 6 -2 130 7 1 67 2 -2 228
 4 -2 208 6 -2 131 7 1 68 2 -2 230 4 -2 207 6 -2 134 7 1 69 3 -2 229 4 -2 220 6
 -2 136 7 1 70 3 -2 231 4 -2 221 6 -2 138 7 1 71 3 -2 232 4 -2 222 6 -2 137 7 1
 72 1 -2 235 5 -2 187 6 -2 142 7 1 73 1 -2 237 5 -2 192 6 -2 145 7 1 74 1 -2 236
 5 -2 193 6 -2 147 7 1 75 2 -2 235 5 -2 199 6 -2 154 7 1 76 2 -2 236 5 -2 206 6
 -2 158 7 1 77 2 -2 237 5 -2 210 6 -2 162 7 1 78 3 -2 235 5 -2 211 6 -2 166 7 1
 79 3 -2 237 5 -2 215 6 -2 169 7 1 80 3 -2 236 5 -2 218 6 -2 171 7 1 81 4 -2 235
 5 -2 223 6 -2 176 7 1 82 4 -2 236 5 -2 227 6 -2 181 7 1 83 4 -2 237 5 -2 234 6
 -2 185 7 1 84
 237 57 711 871 2 0 2 3 0 3
 1 1 6 2 1 2 3 -2 1 1 1 5 2 1 3 3 -2 1 1 -2 7 2 -2 4 3 1 1 1 1 11 2 1 8 4 -2 1 1
 -2 13 2 -2 9 4 1 1 1 1 12 2 1 10 4 -2 1 1 -2 14 3 1 10 4 1 3 1 -2 14 3 1 8 4 1
 2 1 1 14 3 -2 9 4 -2 4 2 -2 14 3 1 12 4 1 5 2 1 14 3 -2 13 4 -2 7 2 -2 14 3 1
 11 4 1 6 1 1 18 2 1 15 5 -2 1 1 -2 20 2 -2 16 5 1 1 1 1 19 2 1 17 5 -2 1 1 -2
 22 3 -2 15 5 1 2 1 -2 21 3 -2 17 5 1 3 1 1 21 3 -2 15 5 -2 3 1 -2 21 3 1 15 5 -2
 2 1 1 22 3 -2 17 5 -2 2 1 -2 22 3 1 17 5 -2 3 2 -2 21 3 -2 19 5 1 5 2 1 21 3 -2
 18 5 -2 5 2 -2 22 3 -2 18 5 1 6 2 -2 21 3 1 18 5 -2 6 2 -2 22 3 1 19 5 -2 5 2 1
 22 3 -2 19 5 -2 6 1 -2 26 4 -2 15 5 1 8 1 -2 24 4 1 15 5 -2 8 1 -2 24 4 -2 17 5
 1 10 1 1 24 4 -2 15 5 -2 10 1 1 26 4 -2 17 5 -2 8 1 -2 26 4 1 17 5 -2 10 2 -2
 26 4 -2 18 5 1 11 2 -2 24 4 -2 19 5 1 12 2 -2 24 4 1 18 5 -2 11 2 1 24 4 -2 18
 5 -2 12 2 -2 26 4 1 19 5 -2 12 2 1 26 4 -2 19 5 -2 11 3 1 24 4 1 21 5 -2 14 3 -2
 25 4 -2 23 5 1 14 3 1 26 4 1 22 5 -2 14 1 1 31 2 1 27 6 -2 1 1 1 30 2 1 28 6 -2
 1 1 -2 32 2 -2 29 6 1 1 1 -2 33 3 -2 27 6 1 2 1 1 33 3 -2 28 6 -2 2 1 -2 34 3 -2
 28 6 1 3 1 1 34 3 -2 27 6 -2 3 1 -2 34 3 1 27 6 -2 2 1 -2 33 3 1 28 6 -2 3 2 -2
 34 3 -2 30 6 1 5 2 -2 33 3 1 30 6 -2 5 2 1 33 3 -2 30 6 -2 6 2 1 34 3 -2 31 6 -2
 5 2 -2 33 3 -2 31 6 1 6 2 -2 34 3 1 31 6 -2 6 1 -2 36 4 -2 27 6 1 8 1 1 36 4 -2
 28 6 -2 8 1 -2 38 4 1 27 6 -2 8 1 -2 36 4 1 28 6 -2 10 1 -2 38 4 -2 28 6 1 10 1
 1 38 4 -2 27 6 -2 10 2 -2 36 4 1 30 6 -2 12 2 1 36 4 -2 30 6 -2 11 2 -2 36 4 -2
 31 6 1 11 2 -2 38 4 -2 30 6 1 12 2 -2 38 4 1 31 6 -2 11 2 1 38 4 -2 31 6 -2 12
 3 1 38 4 1 34 6 -2 14 3 1 36 4 1 33 6 -2 14 3 -2 37 4 -2 35 6 1 14 1 -2 39 5 1
 28 6 1 17 1 -2 39 5 1 27 6 1 15 1 1 39 5 -2 29 6 -2 16 2 -2 39 5 1 30 6 1 19 2
 1 39 5 -2 32 6 -2 20 2 -2 39 5 1 31 6 1 18 3 -2 39 5 1 33 6 1 22 3 -2 39 5 1 34
 6 1 21 3 1 39 5 -2 35 6 -2 23 4 -2 39 5 1 36 6 1 26 4 1 39 5 -2 37 6 -2 25 4 -2
 39 5 1 38 6 1 24 1 1 45 2 1 40 7 -2 1 1 -2 43 2 -2 42 7 1 1 1 1 44 2 1 41 7 -2
 1 1 -2 47 3 -2 40 7 1 2 1 -2 46 3 -2 41 7 1 3 1 1 46 3 -2 40 7 -2 3 1 -2 46 3 1
 40 7 -2 2 1 1 47 3 -2 41 7 -2 2 1 1 47 3 -2 42 7 1 2 1 -2 47 3 1 41 7 -2 3 1 -2
 48 3 1 41 7 1 3 1 1 46 3 -2 42 7 1 3 1 -2 48 3 1 40 7 1 2 1 1 48 3 -2 42 7 -2 4
 1 -2 48 3 1 42 7 -2 4 2 1 47 3 -2 43 7 1 6 2 -2 46 3 -2 44 7 1 5 2 1 46 3 -2 43
 7 1 5 2 1 46 3 -2 45 7 -2 5 2 -2 48 3 1 43 7 -2 7 2 -2 47 3 1 44 7 -2 5 2 1 47
 3 -2 44 7 -2 6 2 -2 48 3 1 44 7 1 5 2 -2 47 3 -2 45 7 1 6 2 -2 46 3 1 45 7 -2 6
 2 1 48 3 -2 43 7 -2 7 2 -2 48 3 1 45 7 1 6 1 -2 49 4 -2 40 7 1 8 1 -2 51 4 1 40
 7 -2 8 1 1 49 4 -2 41 7 -2 8 1 1 49 4 -2 42 7 1 8 1 -2 49 4 1 41 7 -2 10 1 -2
 50 4 1 41 7 1 10 1 -2 50 4 1 40 7 1 8 1 -2 51 4 -2 41 7 1 10 1 1 50 4 -2 42 7 -2
 9 1 -2 50 4 1 42 7 -2 9 1 1 51 4 -2 40 7 -2 10 1 1 51 4 -2 42 7 1 10 2 1 49 4 -2
 43 7 1 11 2 -2 50 4 1 43 7 -2 13 2 -2 49 4 1 44 7 -2 12 2 -2 50 4 1 44 7 1 12 2
 1 49 4 -2 44 7 -2 11 2 -2 49 4 -2 45 7 1 11 2 -2 51 4 -2 44 7 1 12 2 -2 51 4 1
 45 7 -2 11 2 1 51 4 -2 43 7 1 12 2 1 50 4 -2 43 7 -2 13 2 1 51 4 -2 45 7 -2 12
 2 -2 50 4 1 45 7 1 11 3 1 51 4 1 46 7 -2 14 3 -2 50 4 -2 48 7 1 14 3 1 49 4 1
 47 7 -2 14 1 -2 54 5 1 40 7 -2 15 1 -2 52 5 -2 40 7 1 15 1 -2 52 5 1 41 7 -2 17
 1 -2 53 5 1 41 7 1 17 1 1 52 5 -2 41 7 -2 15 1 1 52 5 -2 42 7 1 15 1 -2 53 5 1
 40 7 1 15 1 -2 53 5 1 42 7 -2 16 1 1 53 5 -2 42 7 -2 16 1 -2 54 5 -2 41 7 1 17
 1 1 54 5 -2 40 7 -2 17 1 1 54 5 -2 42 7 1 17 2 1 52 5 -2 43 7 1 18 2 -2 53 5 1
 43 7 -2 20 2 -2 52 5 1 44 7 -2 19 2 -2 53 5 1 44 7 1 19 2 1 52 5 -2 44 7 -2 18
 2 -2 54 5 1 45 7 -2 18 2 -2 52 5 -2 45 7 1 18 2 1 53 5 -2 43 7 -2 20 2 -2 54 5
 -2 44 7 1 19 2 1 54 5 -2 43 7 1 19 2 1 54 5 -2 45 7 -2 19 2 -2 53 5 1 45 7 1 18
 3 -2 54 5 1 46 7 -2 21 3 -2 52 5 -2 46 7 1 21 3 -2 52 5 1 47 7 -2 22 3 -2 53 5
 1 47 7 1 22 3 1 52 5 -2 47 7 -2 21 3 1 52 5 -2 48 7 1 21 3 -2 53 5 1 46 7 1 21
 3 -2 53 5 1 48 7 -2 23 3 1 53 5 -2 48 7 -2 23 3 -2 54 5 -2 47 7 1 22 3 1 54 5 -2
 46 7 -2 22 3 1 54 5 -2 48 7 1 22 4 -2 52 5 1 49 7 -2 26 4 -2 53 5 1 49 7 1 26 4
 1 52 5 -2 49 7 -2 24 4 1 52 5 -2 50 7 1 24 4 -2 53 5 1 50 7 -2 25 4 -2 54 5 1
 51 7 -2 24 4 1 53 5 -2 50 7 -2 25 4 -2 52 5 -2 51 7 1 24 4 -2 54 5 -2 49 7 1 26
 4 1 54 5 -2 51 7 -2 26 4 -2 53 5 1 51 7 1 24 4 1 54 5 -2 50 7 1 26 1 -2 56 6 1
 41 7 1 28 1 -2 57 6 -2 40 7 1 27 1 -2 55 6 1 40 7 -2 27 1 -2 55 6 -2 41 7 1 28
 1 1 55 6 -2 40 7 -2 28 1 -2 56 6 1 40 7 1 27 1 1 56 6 -2 42 7 -2 29 1 -2 57 6 1
 41 7 -2 28 1 1 57 6 -2 41 7 -2 27 1 1 57 6 -2 42 7 1 27 1 1 55 6 -2 42 7 1 28 1
 -2 56 6 1 42 7 -2 29 2 -2 56 6 1 44 7 1 30 2 1 57 6 -2 43 7 1 31 2 -2 55 6 -2
 44 7 1 30 2 1 55 6 -2 43 7 1 30 2 -2 56 6 1 43 7 -2 32 2 1 55 6 -2 45 7 -2 30 2
 -2 57 6 1 44 7 -2 30 2 1 56 6 -2 43 7 -2 32 2 1 57 6 -2 44 7 -2 31 2 -2 57 6 -2
 45 7 1 31 2 -2 55 6 1 45 7 -2 31 2 -2 56 6 1 45 7 1 31 3 -2 56 6 1 47 7 1 33 3
 -2 55 6 -2 47 7 1 33 3 -2 57 6 -2 46 7 1 34 3 -2 55 6 1 46 7 -2 34 3 -2 56 6 1
 46 7 1 34 3 1 55 6 -2 46 7 -2 33 3 -2 57 6 1 47 7 -2 33 3 1 56 6 -2 48 7 -2 35
 3 1 57 6 -2 47 7 -2 34 3 1 57 6 -2 48 7 1 34 3 1 55 6 -2 48 7 1 33 3 -2 56 6 1
 48 7 -2 35 4 -2 56 6 1 49 7 1 36 4 -2 55 6 -2 49 7 1 36 4 1 55 6 -2 51 7 -2 36
 4 -2 57 6 1 49 7 -2 36 4 1 56 6 -2 50 7 -2 37 4 1 57 6 -2 49 7 -2 38 4 1 57 6 -2
 50 7 1 38 4 -2 57 6 -2 51 7 1 38 4 1 55 6 -2 50 7 1 36 4 -2 56 6 1 50 7 -2 37 4
 -2 55 6 1 51 7 -2 38 4 -2 56 6 1 51 7 1 38 5 1 55 6 1 54 7 -2 39 5 -2 56 6 -2
 53 7 1 39 5 1 57 6 1 52 7 -2 39
 57 7 114 1582 1 0 1 2 0 2
 1 1 2 2 1 1 1 1 3 3 -2 1 1 -2 3 3 1 1 1 1 3 3 1 1 2 -2 3 3 1 2 2 1 3 3 -2 2 2 1
 3 3 1 2 1 1 4 4 -2 1 1 1 4 4 1 1 1 -2 4 4 1 1 2 1 4 4 -2 2 2 -2 4 4 1 2 2 1 4 4
 1 2 3 1 4 4 1 3 1 1 5 5 -2 1 1 1 5 5 1 1 1 -2 5 5 1 1 2 1 5 5 -2 2 2 -2 5 5 1 2
 2 1 5 5 1 2 3 1 5 5 -2 3 3 -2 5 5 1 3 3 1 5 5 1 3 4 1 5 5 -2 4 4 1 5 5 1 4 4 -2
 5 5 1 4 1 1 6 6 -2 1 1 -2 6 6 1 1 1 1 6 6 1 1 2 -2 6 6 1 2 2 1 6 6 -2 2 2 1 6 6
 1 2 3 -2 6 6 1 3 3 1 6 6 -2 3 3 1 6 6 1 3 4 -2 6 6 1 4 4 1 6 6 1 4 4 1 6 6 -2 4
 5 1 6 6 1 5 1 1 7 7 -2 1 1 -2 7 7 1 1 1 1 7 7 1 1 2 1 7 7 1 2 2 -2 7 7 1 2 2 1
 7 7 -2 2 3 1 7 7 -2 3 3 -2 7 7 1 3 3 1 7 7 1 3 4 -2 7 7 1 4 4 1 7 7 1 4 4 1 7 7
 -2 4 5 -2 7 7 1 5 5 1 7 7 1 5 5 1 7 7 -2 5 6 1 7 7 -2 6 6 1 7 7 1 6 6 -2 7 7 1
 6
 7 1 7 1696 0 0 0 1 0 1
 1 1 1 2 1 1 3 1 1 4 1 1 5 1 1 6 1 1 7 1 1
 1 237 840 1703 3 0 3 7 1 0
 0 4 236 0 -2 230 0 -2 182 0 4 84 0 4 236 0 -2 213 0 -2 164 0 4 80 0 -2 224 0 -2
 212 0 4 137 0 4 71 0 -2 183 0 -2 172 0 4 137 0 4 42 0 4 82 0 4 79 0 4 70 0 4 40
 0 4 237 0 -2 228 0 -2 177 0 4 83 0 4 235 0 4 200 0 4 151 0 4 76 0 -2 225 0 4
 202 0 4 125 0 -2 64 0 -2 184 0 4 160 0 4 125 0 -2 38 0 4 83 0 4 78 0 -2 68 0 -2
 36 0 4 237 0 -2 219 0 -2 167 0 4 81 0 4 235 0 4 200 0 4 151 0 4 76 0 -2 216 0 4
 202 0 4 104 0 -2 53 0 -2 173 0 4 160 0 4 104 0 -2 26 0 4 81 0 4 78 0 -2 57 0 -2
 25 0 -2 226 0 -2 217 0 4 138 0 4 72 0 -2 233 0 4 203 0 4 132 0 -2 67 0 -2 214 0
 4 203 0 4 102 0 -2 52 0 4 136 0 4 124 0 4 100 0 4 10 0 4 72 0 -2 66 0 -2 56 0 4
 12 0 -2 175 0 -2 165 0 4 138 0 4 41 0 -2 180 0 4 152 0 4 132 0 -2 35 0 -2 163 0
 4 152 0 4 102 0 -2 22 0 4 136 0 4 124 0 4 100 0 4 10 0 4 41 0 -2 34 0 -2 24 0 4
 12 0 4 82 0 4 79 0 4 70 0 4 40 0 4 84 0 4 77 0 -2 69 0 -2 37 0 4 80 0 4 77 0 -2
 55 0 -2 23 0 4 71 0 -2 65 0 -2 54 0 4 11 0 4 42 0 -2 39 0 -2 27 0 4 11 0 4 236
 0 -2 230 0 -2 182 0 4 84 0 4 236 0 -2 213 0 -2 164 0 4 80 0 -2 224 0 -2 212 0 4
 137 0 4 71 0 -2 183 0 -2 172 0 4 137 0 4 42 0 4 82 0 4 79 0 4 70 0 4 40 0 4 237
 0 -2 228 0 -2 177 0 4 83 0 4 235 0 4 196 0 4 144 0 4 73 0 -2 225 0 4 197 0 4
 121 0 -2 61 0 -2 184 0 4 150 0 4 121 0 -2 33 0 4 83 0 4 74 0 -2 60 0 -2 29 0 4
 237 0 -2 219 0 -2 167 0 4 81 0 4 235 0 4 196 0 4 144 0 4 73 0 -2 216 0 4 197 0
 4 99 0 -2 51 0 -2 173 0 4 150 0 4 99 0 -2 21 0 4 81 0 4 74 0 -2 50 0 -2 19 0 -2
 226 0 -2 217 0 4 138 0 4 72 0 -2 233 0 4 198 0 4 123 0 -2 62 0 -2 214 0 4 198 0
 4 96 0 -2 48 0 4 136 0 4 115 0 4 93 0 4 7 0 4 72 0 -2 58 0 -2 46 0 4 8 0 -2 175
 0 -2 165 0 4 138 0 4 41 0 -2 180 0 4 146 0 4 123 0 -2 30 0 -2 163 0 4 146 0 4
 96 0 -2 17 0 4 136 0 4 115 0 4 93 0 4 7 0 4 41 0 -2 28 0 -2 16 0 4 8 0 4 82 0 4
 79 0 4 70 0 4 40 0 4 84 0 4 75 0 -2 63 0 -2 31 0 4 80 0 4 75 0 -2 49 0 -2 18 0
 4 71 0 -2 59 0 -2 47 0 4 9 0 4 42 0 -2 32 0 -2 20 0 4 9 0 4 235 0 4 229 0 4 178
 0 4 82 0 4 237 0 -2 207 0 -2 155 0 4 77 0 4 231 0 -2 204 0 4 133 0 -2 65 0 4
 186 0 -2 161 0 4 133 0 -2 39 0 4 84 0 4 77 0 -2 69 0 -2 37 0 4 235 0 4 229 0 4
 178 0 4 82 0 4 237 0 -2 195 0 -2 143 0 4 75 0 4 231 0 -2 191 0 4 120 0 -2 59 0
 4 186 0 -2 149 0 4 120 0 -2 32 0 4 84 0 4 75 0 -2 63 0 -2 31 0 4 236 0 -2 208 0
 -2 157 0 4 78 0 4 236 0 -2 188 0 -2 140 0 4 74 0 -2 201 0 -2 190 0 4 86 0 4 44
 0 -2 159 0 -2 148 0 4 86 0 4 15 0 4 76 0 4 73 0 4 43 0 4 13 0 4 232 0 -2 209 0
 4 135 0 -2 66 0 4 232 0 -2 189 0 4 118 0 -2 58 0 -2 205 0 -2 194 0 4 87 0 4 45
 0 4 127 0 4 117 0 4 85 0 4 4 0 -2 67 0 -2 62 0 4 45 0 4 6 0 4 179 0 -2 156 0 4
 135 0 -2 34 0 4 179 0 -2 139 0 4 118 0 -2 28 0 -2 153 0 -2 141 0 4 87 0 4 14 0
 4 127 0 4 117 0 4 85 0 4 4 0 -2 35 0 -2 30 0 4 14 0 4 6 0 4 83 0 4 78 0 -2 68 0
 -2 36 0 4 83 0 4 74 0 -2 60 0 -2 29 0 4 76 0 4 73 0 4 43 0 4 13 0 -2 64 0 -2 61
 0 4 44 0 4 5 0 -2 38 0 -2 33 0 4 15 0 4 5 0 4 235 0 4 220 0 4 168 0 4 79 0 4
 237 0 -2 207 0 -2 155 0 4 77 0 4 221 0 -2 204 0 4 110 0 -2 54 0 4 174 0 -2 161
 0 4 110 0 -2 27 0 4 80 0 4 77 0 -2 55 0 -2 23 0 4 235 0 4 220 0 4 168 0 4 79 0
 4 237 0 -2 195 0 -2 143 0 4 75 0 4 221 0 -2 191 0 4 98 0 -2 47 0 4 174 0 -2 149
 0 4 98 0 -2 20 0 4 80 0 4 75 0 -2 49 0 -2 18 0 4 236 0 -2 208 0 -2 157 0 4 78 0
 4 236 0 -2 188 0 -2 140 0 4 74 0 -2 201 0 -2 190 0 4 86 0 4 44 0 -2 159 0 -2
 148 0 4 86 0 4 15 0 4 76 0 4 73 0 4 43 0 4 13 0 4 222 0 -2 209 0 4 111 0 -2 56
 0 4 222 0 -2 189 0 4 97 0 -2 46 0 -2 205 0 -2 194 0 4 87 0 4 45 0 4 107 0 4 95
 0 4 85 0 4 1 0 -2 52 0 -2 48 0 4 45 0 4 2 0 4 170 0 -2 156 0 4 111 0 -2 24 0 4
 170 0 -2 139 0 4 97 0 -2 16 0 -2 153 0 -2 141 0 4 87 0 4 14 0 4 107 0 4 95 0 4
 85 0 4 1 0 -2 22 0 -2 17 0 4 14 0 4 2 0 4 81 0 4 78 0 -2 57 0 -2 25 0 4 81 0 4
 74 0 -2 50 0 -2 19 0 4 76 0 4 73 0 4 43 0 4 13 0 -2 53 0 -2 51 0 4 44 0 4 3 0 -2
 26 0 -2 21 0 4 15 0 4 3 0 4 223 0 4 211 0 4 136 0 4 70 0 4 234 0 4 206 0 -2 134
 0 -2 69 0 4 215 0 4 206 0 -2 103 0 -2 55 0 4 138 0 -2 128 0 -2 106 0 4 11 0 4
 71 0 -2 65 0 -2 54 0 4 11 0 4 223 0 4 211 0 4 136 0 4 70 0 4 234 0 4 193 0 -2
 122 0 -2 63 0 4 215 0 4 193 0 -2 90 0 -2 49 0 4 138 0 -2 114 0 -2 92 0 4 9 0 4
 71 0 -2 59 0 -2 47 0 4 9 0 4 227 0 4 210 0 -2 131 0 -2 68 0 4 227 0 4 192 0 -2
 113 0 -2 60 0 4 199 0 4 187 0 4 85 0 4 43 0 -2 126 0 -2 116 0 4 87 0 4 5 0 -2
 64 0 -2 61 0 4 44 0 4 5 0 4 218 0 4 210 0 -2 109 0 -2 57 0 4 218 0 4 192 0 -2
 91 0 -2 50 0 4 199 0 4 187 0 4 85 0 4 43 0 -2 105 0 -2 94 0 4 87 0 4 3 0 -2 53
 0 -2 51 0 4 44 0 4 3 0 4 137 0 -2 129 0 -2 108 0 4 12 0 4 137 0 -2 112 0 -2 88
 0 4 8 0 -2 130 0 -2 119 0 4 86 0 4 6 0 -2 101 0 -2 89 0 4 86 0 4 2 0 4 10 0 4 7
 0 4 4 0 4 1 0 4 72 0 -2 66 0 -2 56 0 4 12 0 4 72 0 -2 58 0 -2 46 0 4 8 0 -2 67
 0 -2 62 0 4 45 0 4 6 0 -2 52 0 -2 48 0 4 45 0 4 2 0 4 10 0 4 7 0 4 4 0 4 1 0 4
 176 0 4 166 0 4 136 0 4 40 0 4 185 0 4 158 0 -2 134 0 -2 37 0 4 169 0 4 158 0 -2
 103 0 -2 23 0 4 138 0 -2 128 0 -2 106 0 4 11 0 4 42 0 -2 39 0 -2 27 0 4 11 0 4
 176 0 4 166 0 4 136 0 4 40 0 4 185 0 4 147 0 -2 122 0 -2 31 0 4 169 0 4 147 0 -2
 90 0 -2 18 0 4 138 0 -2 114 0 -2 92 0 4 9 0 4 42 0 -2 32 0 -2 20 0 4 9 0 4 181
 0 4 162 0 -2 131 0 -2 36 0 4 181 0 4 145 0 -2 113 0 -2 29 0 4 154 0 4 142 0 4
 85 0 4 13 0 -2 126 0 -2 116 0 4 87 0 4 5 0 -2 38 0 -2 33 0 4 15 0 4 5 0 4 171 0
 4 162 0 -2 109 0 -2 25 0 4 171 0 4 145 0 -2 91 0 -2 19 0 4 154 0 4 142 0 4 85 0
 4 13 0 -2 105 0 -2 94 0 4 87 0 4 3 0 -2 26 0 -2 21 0 4 15 0 4 3 0 4 137 0 -2
 129 0 -2 108 0 4 12 0 4 137 0 -2 112 0 -2 88 0 4 8 0 -2 130 0 -2 119 0 4 86 0 4
 6 0 -2 101 0 -2 89 0 4 86 0 4 2 0 4 10 0 4 7 0 4 4 0 4 1 0 4 41 0 -2 34 0 -2 24
 0 4 12 0 4 41 0 -2 28 0 -2 16 0 4 8 0 -2 35 0 -2 30 0 4 14 0 4 6 0 -2 22 0 -2
 17 0 4 14 0 4 2 0 4 10 0 4 7 0 4 4 0 4 1 0 -2 82 0 -2 79 0 -2 70 0 -2 40 0 -2
 84 0 -2 77 0 1 69 0 1 37 0 -2 80 0 -2 77 0 1 55 0 1 23 0 -2 71 0 1 65 0 1 54 0
 -2 11 0 -2 42 0 1 39 0 1 27 0 -2 11 0 -2 82 0 -2 79 0 -2 70 0 -2 40 0 -2 84 0 -2
 75 0 1 63 0 1 31 0 -2 80 0 -2 75 0 1 49 0 1 18 0 -2 71 0 1 59 0 1 47 0 -2 9 0 -2
 42 0 1 32 0 1 20 0 -2 9 0 -2 83 0 -2 78 0 1 68 0 1 36 0 -2 83 0 -2 74 0 1 60 0
 1 29 0 -2 76 0 -2 73 0 -2 43 0 -2 13 0 1 64 0 1 61 0 -2 44 0 -2 5 0 1 38 0 1 33
 0 -2 15 0 -2 5 0 -2 81 0 -2 78 0 1 57 0 1 25 0 -2 81 0 -2 74 0 1 50 0 1 19 0 -2
 76 0 -2 73 0 -2 43 0 -2 13 0 1 53 0 1 51 0 -2 44 0 -2 3 0 1 26 0 1 21 0 -2 15 0
 -2 3 0 -2 72 0 1 66 0 1 56 0 -2 12 0 -2 72 0 1 58 0 1 46 0 -2 8 0 1 67 0 1 62 0
 -2 45 0 -2 6 0 1 52 0 1 48 0 -2 45 0 -2 2 0 -2 10 0 -2 7 0 -2 4 0 -2 1 0 -2 41
 0 1 34 0 1 24 0 -2 12 0 -2 41 0 1 28 0 1 16 0 -2 8 0 1 35 0 1 30 0 -2 14 0 -2 6
 0 1 22 0 1 17 0 -2 14 0 -2 2 0 -2 10 0 -2 7 0 -2 4 0 -2 1
 1 171 840 2543 3 1 2 7 1 0
 0 -2 171 0 4 169 0 4 157 0 4 131 0 -2 171 0 4 167 0 4 155 0 4 128 0 4 169 0 4
 167 0 -2 146 0 4 119 0 4 157 0 4 155 0 -2 146 0 4 66 0 4 131 0 4 128 0 4 119 0
 4 66 0 4 171 0 -2 168 0 -2 158 0 4 130 0 4 171 0 -2 163 0 -2 150 0 4 126 0 -2
 168 0 -2 163 0 1 143 0 -2 109 0 -2 158 0 -2 150 0 1 143 0 -2 60 0 4 130 0 4 126
 0 -2 109 0 -2 60 0 4 171 0 -2 165 0 -2 154 0 4 127 0 4 171 0 -2 163 0 -2 150 0
 4 126 0 -2 165 0 -2 163 0 1 138 0 -2 90 0 -2 154 0 -2 150 0 1 138 0 -2 37 0 4
 127 0 4 126 0 -2 90 0 -2 37 0 -2 170 0 -2 166 0 4 146 0 4 118 0 -2 170 0 1 163
 0 -2 143 0 -2 116 0 -2 166 0 1 163 0 -2 138 0 -2 88 0 4 146 0 -2 143 0 -2 138 0
 4 12 0 4 118 0 -2 116 0 -2 88 0 4 12 0 -2 156 0 -2 153 0 4 146 0 4 64 0 -2 156
 0 1 150 0 -2 143 0 -2 57 0 -2 153 0 1 150 0 -2 138 0 -2 30 0 4 146 0 -2 143 0 -2
 138 0 4 12 0 4 64 0 -2 57 0 -2 30 0 4 12 0 4 132 0 4 129 0 4 120 0 4 65 0 4 132
 0 -2 126 0 4 113 0 4 59 0 4 129 0 -2 126 0 4 93 0 4 39 0 4 120 0 4 113 0 4 93 0
 -2 12 0 4 65 0 4 59 0 4 39 0 -2 12 0 -2 171 0 4 169 0 4 157 0 4 131 0 -2 171 0
 4 167 0 4 155 0 4 128 0 4 169 0 4 167 0 -2 146 0 4 119 0 4 157 0 4 155 0 -2 146
 0 4 66 0 4 131 0 4 128 0 4 119 0 4 66 0 4 171 0 -2 168 0 -2 158 0 4 130 0 4 171
 0 -2 159 0 -2 147 0 4 122 0 -2 168 0 -2 159 0 1 140 0 -2 94 0 -2 158 0 -2 147 0
 1 140 0 -2 45 0 4 130 0 4 122 0 -2 94 0 -2 45 0 4 171 0 -2 165 0 -2 154 0 4 127
 0 4 171 0 -2 159 0 -2 147 0 4 122 0 -2 165 0 -2 159 0 1 134 0 -2 71 0 -2 154 0
 -2 147 0 1 134 0 -2 23 0 4 127 0 4 122 0 -2 71 0 -2 23 0 -2 170 0 -2 166 0 4
 146 0 4 118 0 -2 170 0 1 159 0 -2 140 0 -2 99 0 -2 166 0 1 159 0 -2 134 0 -2 70
 0 4 146 0 -2 140 0 -2 134 0 4 8 0 4 118 0 -2 99 0 -2 70 0 4 8 0 -2 156 0 -2 153
 0 4 146 0 4 64 0 -2 156 0 1 147 0 -2 140 0 -2 42 0 -2 153 0 1 147 0 -2 134 0 -2
 16 0 4 146 0 -2 140 0 -2 134 0 4 8 0 4 64 0 -2 42 0 -2 16 0 4 8 0 4 132 0 4 129
 0 4 120 0 4 65 0 4 132 0 -2 122 0 4 97 0 4 44 0 4 129 0 -2 122 0 4 79 0 4 25 0
 4 120 0 4 97 0 4 79 0 -2 8 0 4 65 0 4 44 0 4 25 0 -2 8 0 4 171 0 -2 170 0 -2
 156 0 4 132 0 4 171 0 -2 162 0 -2 151 0 4 124 0 -2 170 0 -2 162 0 1 144 0 -2
 111 0 -2 156 0 -2 151 0 1 144 0 -2 61 0 4 132 0 4 124 0 -2 111 0 -2 61 0 4 171
 0 -2 170 0 -2 156 0 4 132 0 4 171 0 -2 160 0 -2 149 0 4 121 0 -2 170 0 -2 160 0
 1 142 0 -2 102 0 -2 156 0 -2 149 0 1 142 0 -2 51 0 4 132 0 4 121 0 -2 102 0 -2
 51 0 -2 171 0 4 164 0 4 152 0 4 125 0 -2 171 0 4 161 0 4 148 0 4 123 0 4 164 0
 4 161 0 -2 133 0 4 68 0 4 152 0 4 148 0 -2 133 0 4 15 0 4 125 0 4 123 0 4 68 0
 4 15 0 1 170 0 -2 163 0 -2 144 0 -2 114 0 1 170 0 -2 159 0 -2 142 0 -2 105 0 -2
 163 0 -2 159 0 4 133 0 4 67 0 -2 144 0 -2 142 0 4 133 0 4 6 0 -2 114 0 -2 105 0
 4 67 0 4 6 0 1 156 0 -2 150 0 -2 144 0 -2 54 0 1 156 0 -2 147 0 -2 142 0 -2 46
 0 -2 150 0 -2 147 0 4 133 0 4 13 0 -2 144 0 -2 142 0 4 133 0 4 6 0 -2 54 0 -2
 46 0 4 13 0 4 6 0 -2 132 0 4 126 0 4 117 0 4 63 0 -2 132 0 4 122 0 4 104 0 4 49
 0 4 126 0 4 122 0 4 69 0 4 14 0 4 117 0 4 104 0 4 69 0 -2 6 0 4 63 0 4 49 0 4
 14 0 -2 6 0 4 171 0 -2 166 0 -2 153 0 4 129 0 4 171 0 -2 162 0 -2 151 0 4 124 0
 -2 166 0 -2 162 0 1 137 0 -2 83 0 -2 153 0 -2 151 0 1 137 0 -2 33 0 4 129 0 4
 124 0 -2 83 0 -2 33 0 4 171 0 -2 166 0 -2 153 0 4 129 0 4 171 0 -2 160 0 -2 149
 0 4 121 0 -2 166 0 -2 160 0 1 135 0 -2 74 0 -2 153 0 -2 149 0 1 135 0 -2 24 0 4
 129 0 4 121 0 -2 74 0 -2 24 0 -2 171 0 4 164 0 4 152 0 4 125 0 -2 171 0 4 161 0
 4 148 0 4 123 0 4 164 0 4 161 0 -2 133 0 4 68 0 4 152 0 4 148 0 -2 133 0 4 15 0
 4 125 0 4 123 0 4 68 0 4 15 0 1 166 0 -2 163 0 -2 137 0 -2 86 0 1 166 0 -2 159
 0 -2 135 0 -2 81 0 -2 163 0 -2 159 0 4 133 0 4 67 0 -2 137 0 -2 135 0 4 133 0 4
 3 0 -2 86 0 -2 81 0 4 67 0 4 3 0 1 153 0 -2 150 0 -2 137 0 -2 28 0 1 153 0 -2
 147 0 -2 135 0 -2 19 0 -2 150 0 -2 147 0 4 133 0 4 13 0 -2 137 0 -2 135 0 4 133
 0 4 3 0 -2 28 0 -2 19 0 4 13 0 4 3 0 -2 129 0 4 126 0 4 92 0 4 36 0 -2 129 0 4
 122 0 4 77 0 4 22 0 4 126 0 4 122 0 4 69 0 4 14 0 4 92 0 4 77 0 4 69 0 -2 3 0 4
 36 0 4 22 0 4 14 0 -2 3 0 -2 168 0 -2 165 0 4 146 0 4 120 0 -2 168 0 1 162 0 -2
 144 0 -2 110 0 -2 165 0 1 162 0 -2 137 0 -2 82 0 4 146 0 -2 144 0 -2 137 0 4 10
 0 4 120 0 -2 110 0 -2 82 0 4 10 0 -2 168 0 -2 165 0 4 146 0 4 120 0 -2 168 0 1
 160 0 -2 142 0 -2 101 0 -2 165 0 1 160 0 -2 135 0 -2 72 0 4 146 0 -2 142 0 -2
 135 0 4 7 0 4 120 0 -2 101 0 -2 72 0 4 7 0 1 168 0 -2 162 0 -2 143 0 -2 107 0 1
 168 0 -2 160 0 -2 140 0 -2 100 0 -2 162 0 -2 160 0 4 133 0 4 69 0 -2 143 0 -2
 140 0 4 133 0 4 4 0 -2 107 0 -2 100 0 4 69 0 4 4 0 1 165 0 -2 162 0 -2 138 0 -2
 85 0 1 165 0 -2 160 0 -2 134 0 -2 80 0 -2 162 0 -2 160 0 4 133 0 4 69 0 -2 138
 0 -2 134 0 4 133 0 4 1 0 -2 85 0 -2 80 0 4 69 0 4 1 0 -2 146 0 4 145 0 4 139 0
 4 11 0 -2 146 0 4 141 0 4 136 0 4 9 0 4 145 0 4 141 0 -2 133 0 4 5 0 4 139 0 4
 136 0 -2 133 0 4 2 0 4 11 0 4 9 0 4 5 0 4 2 0 -2 120 0 4 115 0 4 91 0 4 12 0 -2
 120 0 4 103 0 4 78 0 4 8 0 4 115 0 4 103 0 -2 69 0 4 6 0 4 91 0 4 78 0 -2 69 0
 4 3 0 4 12 0 4 8 0 4 6 0 4 3 0 -2 158 0 -2 154 0 4 146 0 4 65 0 -2 158 0 1 151
 0 -2 144 0 -2 58 0 -2 154 0 1 151 0 -2 137 0 -2 31 0 4 146 0 -2 144 0 -2 137 0
 4 10 0 4 65 0 -2 58 0 -2 31 0 4 10 0 -2 158 0 -2 154 0 4 146 0 4 65 0 -2 158 0
 1 149 0 -2 142 0 -2 48 0 -2 154 0 1 149 0 -2 135 0 -2 20 0 4 146 0 -2 142 0 -2
 135 0 4 7 0 4 65 0 -2 48 0 -2 20 0 4 7 0 1 158 0 -2 151 0 -2 143 0 -2 55 0 1
 158 0 -2 149 0 -2 140 0 -2 47 0 -2 151 0 -2 149 0 4 133 0 4 14 0 -2 143 0 -2
 140 0 4 133 0 4 4 0 -2 55 0 -2 47 0 4 14 0 4 4 0 1 154 0 -2 151 0 -2 138 0 -2
 34 0 1 154 0 -2 149 0 -2 134 0 -2 27 0 -2 151 0 -2 149 0 4 133 0 4 14 0 -2 138
 0 -2 134 0 4 133 0 4 1 0 -2 34 0 -2 27 0 4 14 0 4 1 0 -2 146 0 4 145 0 4 139 0
 4 11 0 -2 146 0 4 141 0 4 136 0 4 9 0 4 145 0 4 141 0 -2 133 0 4 5 0 4 139 0 4
 136 0 -2 133 0 4 2 0 4 11 0 4 9 0 4 5 0 4 2 0 -2 65 0 4 62 0 4 38 0 4 12 0 -2
 65 0 4 50 0 4 26 0 4 8 0 4 62 0 4 50 0 -2 14 0 4 6 0 4 38 0 4 26 0 -2 14 0 4 3
 0 4 12 0 4 8 0 4 6 0 4 3 0 4 130 0 4 127 0 4 118 0 4 64 0 4 130 0 -2 124 0 4
 106 0 4 52 0 4 127 0 -2 124 0 4 84 0 4 32 0 4 118 0 4 106 0 4 84 0 -2 10 0 4 64
 0 4 52 0 4 32 0 -2 10 0 4 130 0 4 127 0 4 118 0 4 64 0 4 130 0 -2 121 0 4 95 0
 4 43 0 4 127 0 -2 121 0 4 76 0 4 21 0 4 118 0 4 95 0 4 76 0 -2 7 0 4 64 0 4 43
 0 4 21 0 -2 7 0 -2 130 0 4 124 0 4 108 0 4 56 0 -2 130 0 4 121 0 4 96 0 4 41 0
 4 124 0 4 121 0 4 67 0 4 13 0 4 108 0 4 96 0 4 67 0 -2 4 0 4 56 0 4 41 0 4 13 0
 -2 4 0 -2 127 0 4 124 0 4 89 0 4 35 0 -2 127 0 4 121 0 4 73 0 4 18 0 4 124 0 4
 121 0 4 67 0 4 13 0 4 89 0 4 73 0 4 67 0 -2 1 0 4 35 0 4 18 0 4 13 0 -2 1 0 -2
 118 0 4 112 0 4 87 0 4 10 0 -2 118 0 4 98 0 4 75 0 4 7 0 4 112 0 4 98 0 -2 67 0
 4 4 0 4 87 0 4 75 0 -2 67 0 4 1 0 4 10 0 4 7 0 4 4 0 4 1 0 -2 64 0 4 53 0 4 29
 0 4 10 0 -2 64 0 4 40 0 4 17 0 4 7 0 4 53 0 4 40 0 -2 13 0 4 4 0 4 29 0 4 17 0
 -2 13 0 4 1 0 4 10 0 4 7 0 4 4 0 4 1
 171 57 513 3383 2 0 2 3 1 2
 1 1 6 2 1 2 3 -2 1 1 -2 7 2 -2 4 3 1 1 1 1 5 2 1 3 3 -2 1 1 1 11 2 1 8 4 -2 1 1
 -2 13 2 -2 9 4 1 1 1 1 12 2 1 10 4 -2 1 1 -2 14 3 1 10 4 1 3 1 -2 14 3 1 8 4 1
 2 1 1 14 3 -2 9 4 -2 4 2 -2 14 3 1 12 4 1 5 2 1 14 3 -2 13 4 -2 7 2 -2 14 3 1
 11 4 1 6 1 1 18 2 1 15 5 -2 1 1 1 19 2 1 17 5 -2 1 1 -2 20 2 -2 16 5 1 1 1 -2
 21 3 1 15 5 -2 2 1 1 21 3 1 15 5 -2 4 1 1 22 3 -2 16 5 1 2 1 1 21 3 -2 15 5 -2
 3 1 -2 22 3 1 17 5 -2 3 1 -2 23 3 1 17 5 1 3 1 1 21 3 -2 16 5 1 3 1 -2 22 3 -2
 15 5 1 2 1 -2 21 3 -2 17 5 1 3 1 -2 23 3 1 15 5 1 2 1 1 22 3 1 17 5 -2 4 1 1 22
 3 -2 17 5 -2 2 2 1 21 3 -2 18 5 -2 5 2 1 21 3 1 18 5 -2 7 2 -2 21 3 1 18 5 -2 6
 2 -2 22 3 1 19 5 -2 5 2 -2 23 3 1 19 5 1 5 2 -2 21 3 -2 19 5 1 5 2 1 22 3 -2 19
 5 -2 6 2 1 22 3 -2 20 5 1 6 2 1 21 3 -2 20 5 1 5 2 -2 22 3 -2 18 5 1 6 2 1 22 3
 1 19 5 -2 7 2 -2 23 3 1 18 5 1 6 1 1 24 4 1 15 5 -2 9 1 1 26 4 -2 16 5 1 8 1 -2
 24 4 1 15 5 -2 8 1 -2 25 4 1 17 5 1 10 1 -2 25 4 1 15 5 1 8 1 -2 26 4 -2 15 5 1
 8 1 1 24 4 -2 15 5 -2 10 1 1 26 4 -2 17 5 -2 8 1 -2 26 4 1 17 5 -2 10 1 1 24 4
 -2 16 5 1 10 1 1 26 4 1 17 5 -2 9 1 -2 24 4 -2 17 5 1 10 2 -2 25 4 1 19 5 1 12
 2 1 24 4 1 18 5 -2 13 2 1 24 4 -2 18 5 -2 12 2 1 26 4 -2 19 5 -2 11 2 1 26 4 -2
 20 5 1 11 2 -2 24 4 1 18 5 -2 11 2 -2 26 4 1 19 5 -2 12 2 -2 25 4 1 18 5 1 11 2
 -2 26 4 -2 18 5 1 11 2 -2 24 4 -2 19 5 1 12 2 1 26 4 1 19 5 -2 13 2 1 24 4 -2
 20 5 1 12 3 1 24 4 1 21 5 -2 14 3 1 26 4 1 22 5 -2 14 3 -2 25 4 -2 23 5 1 14 1
 1 31 2 1 27 6 -2 1 1 -2 32 2 -2 29 6 1 1 1 1 30 2 1 28 6 -2 1 1 -2 34 3 1 27 6
 -2 2 1 -2 33 3 -2 27 6 1 2 1 -2 33 3 1 28 6 -2 3 1 1 33 3 -2 29 6 1 2 1 -2 34 3
 -2 28 6 1 3 1 1 34 3 1 27 6 -2 4 1 -2 35 3 1 28 6 1 3 1 1 34 3 -2 29 6 1 3 1 1
 33 3 1 28 6 -2 4 1 -2 35 3 1 27 6 1 2 1 1 33 3 -2 28 6 -2 2 1 1 34 3 -2 27 6 -2
 3 2 -2 33 3 1 30 6 -2 5 2 -2 34 3 -2 30 6 1 5 2 -2 35 3 1 30 6 1 5 2 1 33 3 -2
 30 6 -2 6 2 1 34 3 -2 31 6 -2 5 2 1 34 3 1 31 6 -2 7 2 -2 34 3 1 31 6 -2 6 2 1
 33 3 -2 32 6 1 6 2 -2 33 3 -2 31 6 1 6 2 1 33 3 1 30 6 -2 7 2 1 34 3 -2 32 6 1
 5 2 -2 35 3 1 31 6 1 6 1 -2 36 4 -2 27 6 1 8 1 -2 37 4 1 28 6 1 10 1 1 36 4 -2
 29 6 1 8 1 -2 37 4 1 27 6 1 8 1 1 38 4 1 27 6 -2 9 1 -2 38 4 1 27 6 -2 8 1 1 36
 4 -2 28 6 -2 8 1 -2 36 4 1 28 6 -2 10 1 -2 38 4 -2 28 6 1 10 1 1 36 4 1 28 6 -2
 9 1 1 38 4 -2 29 6 1 10 1 1 38 4 -2 27 6 -2 10 2 -2 37 4 1 30 6 1 12 2 1 36 4 -2
 30 6 -2 11 2 1 36 4 -2 32 6 1 11 2 -2 36 4 -2 31 6 1 11 2 -2 36 4 1 30 6 -2 12
 2 -2 38 4 -2 30 6 1 12 2 1 38 4 1 31 6 -2 13 2 -2 37 4 1 31 6 1 11 2 1 38 4 -2
 31 6 -2 12 2 1 36 4 1 30 6 -2 13 2 -2 38 4 1 31 6 -2 11 2 1 38 4 -2 32 6 1 12 3
 1 38 4 1 34 6 -2 14 3 -2 37 4 -2 35 6 1 14 3 1 36 4 1 33 6 -2 14 1 -2 39 5 1 28
 6 1 17 1 -2 39 5 1 27 6 1 15 1 1 39 5 -2 29 6 -2 16 2 -2 39 5 1 30 6 1 19 2 1
 39 5 -2 32 6 -2 20 2 -2 39 5 1 31 6 1 18 3 -2 39 5 1 33 6 1 22 3 1 39 5 -2 35 6
 -2 23 3 -2 39 5 1 34 6 1 21 4 -2 39 5 1 36 6 1 26 4 1 39 5 -2 37 6 -2 25 4 -2
 39 5 1 38 6 1 24 1 -2 43 2 -2 42 7 1 1 1 -2 47 3 -2 40 7 1 2 1 -2 46 3 -2 41 7
 1 3 1 -2 48 3 -2 42 7 1 4 2 -2 46 3 -2 44 7 1 5 2 -2 47 3 -2 45 7 1 6 2 -2 48 3
 -2 43 7 1 7 1 -2 49 4 -2 40 7 1 8 1 -2 50 4 -2 42 7 1 9 1 -2 51 4 -2 41 7 1 10
 2 -2 49 4 -2 45 7 1 11 2 -2 51 4 -2 44 7 1 12 2 -2 50 4 -2 43 7 1 13 3 -2 50 4
 -2 48 7 1 14 1 -2 52 5 -2 40 7 1 15 1 -2 53 5 -2 42 7 1 16 1 -2 54 5 -2 41 7 1
 17 2 -2 52 5 -2 45 7 1 18 2 -2 54 5 -2 44 7 1 19 2 -2 53 5 -2 43 7 1 20 3 -2 52
 5 -2 46 7 1 21 3 -2 54 5 -2 47 7 1 22 3 -2 53 5 -2 48 7 1 23 4 -2 52 5 -2 51 7
 1 24 4 -2 53 5 -2 50 7 1 25 4 -2 54 5 -2 49 7 1 26 1 -2 57 6 -2 40 7 1 27 1 -2
 55 6 -2 41 7 1 28 1 -2 56 6 -2 42 7 1 29 2 -2 55 6 -2 44 7 1 30 2 -2 57 6 -2 45
 7 1 31 2 -2 56 6 -2 43 7 1 32 3 -2 55 6 -2 47 7 1 33 3 -2 57 6 -2 46 7 1 34 3 -2
 56 6 -2 48 7 1 35 4 -2 55 6 -2 49 7 1 36 4 -2 56 6 -2 50 7 1 37 4 -2 57 6 -2 51
 7 1 38 5 -2 56 6 -2 53 7 1 39
 1 39 42 3896 5 1 2 7 1 0
 0 -2 39 0 1 38 0 1 33 0 1 28 0 1 20 0 -2 11 0 -2 39 0 1 36 0 1 31 0 1 27 0 1 19
 0 -2 10 0 1 37 0 1 35 0 -2 30 0 1 24 0 1 17 0 -2 7 0 1 34 0 1 32 0 -2 30 0 1 23
 0 1 15 0 -2 6 0 1 29 0 1 26 0 1 25 0 1 22 0 -2 13 0 -2 3 0 1 21 0 1 18 0 1 16 0
 1 14 0 -2 13 0 -2 1 0 -2 12 0 -2 9 0 -2 8 0 -2 5 0 -2 4 0 -2 2
 39 111 195 3938 4 0 2 5 1 2
 1 1 8 2 1 6 3 1 4 4 1 2 5 -2 1 1 1 9 2 1 7 3 1 5 4 1 3 5 -2 1 1 1 17 2 1 14 3 1
 13 4 1 10 6 -2 1 1 1 16 2 1 15 3 1 12 4 1 11 6 -2 1 1 1 21 2 1 19 3 -2 18 5 1
 10 6 1 2 1 1 22 2 1 20 3 -2 18 5 1 11 6 1 3 1 1 25 2 1 23 4 -2 18 5 1 12 6 1 5
 1 1 26 2 1 24 4 -2 18 5 1 13 6 1 4 1 -2 27 3 1 23 4 1 20 5 1 14 6 1 6 1 -2 27 3
 1 24 4 1 19 5 1 15 6 1 7 2 -2 27 3 1 26 4 1 21 5 1 16 6 1 9 2 -2 27 3 1 25 4 1
 22 5 1 17 6 1 8 1 -2 37 2 -2 36 3 -2 32 4 -2 30 7 1 1 1 -2 49 2 -2 43 3 -2 40 5
 -2 28 7 1 2 1 -2 51 2 -2 48 3 -2 42 5 -2 29 7 1 3 1 -2 61 2 -2 57 4 -2 40 5 -2
 33 7 1 4 1 -2 62 2 -2 60 4 -2 42 5 -2 31 7 1 5 1 -2 67 3 -2 55 4 -2 45 5 -2 34
 7 1 6 1 -2 69 3 -2 59 4 -2 47 5 -2 35 7 1 7 2 -2 69 3 -2 66 4 -2 54 5 -2 38 7 1
 9 2 -2 67 3 -2 63 4 -2 52 5 -2 39 7 1 8 1 -2 79 2 -2 75 3 -2 72 6 -2 28 7 1 10
 1 -2 80 2 -2 78 3 -2 71 6 -2 29 7 1 11 1 -2 91 2 -2 88 4 -2 71 6 -2 31 7 1 12 1
 -2 92 2 -2 90 4 -2 72 6 -2 33 7 1 13 1 -2 99 3 -2 86 4 -2 76 6 -2 34 7 1 14 1 -2
 98 3 -2 87 4 -2 77 6 -2 35 7 1 15 2 -2 98 3 -2 93 4 -2 82 6 -2 38 7 1 16 2 -2
 99 3 -2 96 4 -2 84 6 -2 39 7 1 17 1 -2 103 2 -2 102 5 -2 70 6 -2 41 7 1 18 1 -2
 106 3 -2 101 5 -2 73 6 -2 44 7 1 19 1 -2 107 3 -2 100 5 -2 74 6 -2 46 7 1 20 2
 -2 106 3 -2 104 5 -2 81 6 -2 50 7 1 21 2 -2 107 3 -2 105 5 -2 83 6 -2 53 7 1 22
 1 -2 109 4 -2 100 5 -2 85 6 -2 56 7 1 23 1 -2 111 4 -2 101 5 -2 89 6 -2 58 7 1
 24 2 -2 109 4 -2 105 5 -2 94 6 -2 64 7 1 25 2 -2 111 4 -2 104 5 -2 95 6 -2 65 7
 1 26 3 -2 110 4 -2 108 5 -2 97 6 -2 68 7 1 27
 111 75 444 4133 3 0 1 4 0 2
 1 1 4 2 1 3 3 1 2 4 1 1 1 -2 9 2 -2 6 3 -2 5 5 1 1 1 -2 10 2 -2 8 3 1 5 5 -2 1
 1 -2 17 2 -2 13 4 -2 5 5 1 2 1 -2 16 2 -2 14 4 1 5 5 -2 2 1 -2 18 3 -2 12 4 -2
 7 5 1 3 1 1 18 3 -2 14 4 -2 8 5 -2 3 2 -2 18 3 -2 15 4 -2 11 5 1 4 2 1 18 3 -2
 16 4 -2 10 5 -2 4 1 -2 24 2 -2 20 3 -2 19 6 1 1 1 -2 23 2 -2 21 3 1 19 6 -2 1 1
 -2 30 2 -2 27 4 1 19 6 -2 2 1 -2 31 2 -2 28 4 -2 19 6 1 2 1 -2 32 3 -2 26 4 -2
 22 6 1 3 1 1 32 3 -2 27 4 -2 21 6 -2 3 2 1 32 3 -2 30 4 -2 23 6 -2 4 2 -2 32 3
 -2 29 4 -2 25 6 1 4 1 1 34 2 1 33 5 1 19 6 1 5 1 1 35 3 -2 33 5 -2 20 6 -2 6 1
 -2 35 3 1 33 5 -2 22 6 -2 7 2 1 35 3 -2 34 5 -2 24 6 -2 9 2 -2 35 3 1 34 5 -2
 25 6 -2 11 1 -2 36 4 1 33 5 -2 26 6 -2 12 1 1 36 4 -2 33 5 -2 28 6 -2 13 2 -2
 36 4 1 34 5 -2 29 6 -2 15 2 1 36 4 -2 34 5 -2 31 6 -2 17 3 1 36 4 1 35 5 1 32 6
 1 18 1 -2 41 2 -2 39 3 -2 37 7 1 1 1 -2 42 2 -2 38 3 1 37 7 -2 1 1 1 43 2 1 40
 3 1 37 7 1 1 1 -2 48 2 -2 45 4 1 37 7 -2 2 1 1 49 2 1 44 4 1 37 7 1 2 1 -2 47 2
 -2 46 4 -2 37 7 1 2 1 -2 50 3 -2 44 4 -2 40 7 1 3 1 1 50 3 -2 45 4 -2 38 7 -2 3
 1 1 50 3 1 46 4 1 39 7 1 3 2 1 50 3 1 47 4 1 41 7 1 4 2 1 50 3 -2 48 4 -2 42 7
 -2 4 2 -2 50 3 -2 49 4 -2 43 7 1 4 1 -2 56 2 -2 52 5 1 37 7 -2 5 1 1 55 2 1 51
 5 1 37 7 1 5 1 -2 54 2 -2 53 5 -2 37 7 1 5 1 -2 57 3 -2 53 5 1 39 7 -2 6 1 1 57
 3 -2 51 5 -2 39 7 -2 6 1 -2 59 3 -2 51 5 1 40 7 -2 7 1 -2 57 3 1 51 5 -2 40 7 -2
 7 1 1 59 3 -2 53 5 -2 40 7 -2 8 1 -2 59 3 1 53 5 -2 39 7 -2 8 2 -2 57 3 -2 54 5
 1 41 7 -2 9 2 1 57 3 -2 55 5 -2 41 7 -2 9 2 -2 59 3 1 54 5 -2 41 7 -2 10 2 -2
 59 3 -2 55 5 1 43 7 -2 11 2 -2 57 3 1 55 5 -2 43 7 -2 11 2 1 59 3 -2 54 5 -2 43
 7 -2 10 1 -2 62 4 -2 51 5 1 44 7 -2 12 1 -2 61 4 1 51 5 -2 44 7 -2 12 1 -2 61 4
 -2 53 5 1 46 7 -2 13 1 1 61 4 -2 51 5 -2 46 7 -2 13 1 1 62 4 -2 53 5 -2 44 7 -2
 14 1 -2 62 4 1 53 5 -2 46 7 -2 14 2 -2 61 4 -2 54 5 1 47 7 -2 17 2 -2 62 4 1 54
 5 -2 47 7 -2 16 2 -2 62 4 -2 55 5 1 49 7 -2 15 2 -2 61 4 1 55 5 -2 49 7 -2 15 2
 1 61 4 -2 55 5 -2 47 7 -2 17 2 1 62 4 -2 54 5 -2 49 7 -2 16 3 -2 60 4 -2 58 5 1
 50 7 -2 18 3 1 61 4 1 57 5 1 50 7 1 18 3 -2 62 4 -2 59 5 -2 50 7 1 18 1 1 67 2
 1 63 6 1 37 7 1 19 1 -2 66 2 -2 65 6 -2 37 7 1 19 1 -2 68 2 -2 64 6 1 37 7 -2
 19 1 1 69 3 -2 63 6 -2 39 7 -2 20 1 -2 69 3 1 63 6 -2 40 7 -2 22 1 -2 69 3 -2
 65 6 1 39 7 -2 20 1 -2 71 3 -2 63 6 1 40 7 -2 22 1 1 71 3 -2 65 6 -2 40 7 -2 21
 1 -2 71 3 1 65 6 -2 39 7 -2 21 2 -2 69 3 -2 66 6 1 41 7 -2 24 2 -2 71 3 1 66 6
 -2 41 7 -2 23 2 1 69 3 -2 67 6 -2 41 7 -2 24 2 1 71 3 -2 66 6 -2 43 7 -2 23 2 -2
 69 3 1 67 6 -2 43 7 -2 25 2 -2 71 3 -2 67 6 1 43 7 -2 25 1 -2 74 4 1 63 6 -2 44
 7 -2 26 1 -2 73 4 -2 63 6 1 44 7 -2 26 1 1 73 4 -2 65 6 -2 44 7 -2 27 1 -2 73 4
 1 65 6 -2 46 7 -2 27 1 1 74 4 -2 63 6 -2 46 7 -2 28 1 -2 74 4 -2 65 6 1 46 7 -2
 28 2 -2 73 4 1 66 6 -2 47 7 -2 30 2 -2 74 4 -2 66 6 1 47 7 -2 31 2 1 73 4 -2 66
 6 -2 49 7 -2 30 2 -2 74 4 1 67 6 -2 49 7 -2 29 2 1 74 4 -2 67 6 -2 47 7 -2 31 2
 -2 73 4 -2 67 6 1 49 7 -2 29 3 1 74 4 1 69 6 1 50 7 1 32 3 -2 73 4 -2 71 6 -2
 50 7 1 32 3 -2 72 4 -2 70 6 1 50 7 -2 32 1 -2 75 5 -2 63 6 -2 51 7 1 33 1 1 75
 5 -2 64 6 -2 52 7 -2 33 1 1 75 5 1 65 6 1 53 7 1 33 2 1 75 5 1 66 6 1 54 7 1 34
 2 1 75 5 -2 68 6 -2 56 7 -2 34 2 -2 75 5 -2 67 6 -2 55 7 1 34 3 -2 75 5 -2 69 6
 -2 57 7 1 35 3 1 75 5 -2 70 6 -2 58 7 -2 35 3 1 75 5 1 71 6 1 59 7 1 35 4 1 75
 5 -2 72 6 -2 60 7 -2 36 4 1 75 5 1 73 6 1 62 7 1 36 4 -2 75 5 -2 74 6 -2 61 7 1
 36
 75 21 225 4577 2 0 0 3 0 1
 1 -2 3 2 -2 2 3 1 1 1 -2 5 2 -2 4 4 1 1 1 1 6 3 -2 4 4 -2 2 2 1 6 3 -2 5 4 -2 3
 1 -2 8 2 -2 7 5 1 1 1 -2 9 3 1 7 5 -2 2 1 1 9 3 -2 7 5 -2 2 1 -2 9 3 -2 7 5 1 2
 2 -2 9 3 1 8 5 -2 3 2 -2 9 3 -2 8 5 1 3 2 1 9 3 -2 8 5 -2 3 1 1 10 4 -2 7 5 -2
 4 1 -2 10 4 1 7 5 -2 4 1 -2 10 4 -2 7 5 1 4 2 1 10 4 -2 8 5 -2 5 2 -2 10 4 -2 8
 5 1 5 2 -2 10 4 1 8 5 -2 5 3 -2 10 4 -2 9 5 1 6 1 -2 12 2 -2 11 6 1 1 1 -2 13 3
 1 11 6 -2 2 1 -2 13 3 -2 11 6 1 2 1 1 13 3 -2 11 6 -2 2 2 -2 13 3 -2 12 6 1 3 2
 -2 13 3 1 12 6 -2 3 2 1 13 3 -2 12 6 -2 3 1 1 14 4 -2 11 6 -2 4 1 -2 14 4 -2 11
 6 1 4 1 -2 14 4 1 11 6 -2 4 2 1 14 4 -2 12 6 -2 5 2 -2 14 4 -2 12 6 1 5 2 -2 14
 4 1 12 6 -2 5 3 -2 14 4 -2 13 6 1 6 1 1 15 5 -2 11 6 -2 7 2 1 15 5 -2 12 6 -2 8
 3 1 15 5 -2 13 6 -2 9 4 1 15 5 -2 14 6 -2 10 1 -2 17 2 -2 16 7 1 1 1 -2 18 3 -2
 16 7 1 2 1 -2 18 3 1 16 7 -2 2 1 1 18 3 -2 16 7 -2 2 2 -2 18 3 1 17 7 -2 3 2 -2
 18 3 -2 17 7 1 3 2 1 18 3 -2 17 7 -2 3 1 1 19 4 -2 16 7 -2 4 1 -2 19 4 -2 16 7
 1 4 1 -2 19 4 1 16 7 -2 4 2 -2 19 4 1 17 7 -2 5 2 -2 19 4 -2 17 7 1 5 2 1 19 4
 -2 17 7 -2 5 3 -2 19 4 -2 18 7 1 6 1 1 20 5 -2 16 7 -2 7 1 -2 20 5 -2 16 7 1 7
 1 -2 20 5 1 16 7 -2 7 2 -2 20 5 1 17 7 -2 8 2 1 20 5 -2 17 7 -2 8 2 -2 20 5 -2
 17 7 1 8 3 1 20 5 -2 18 7 -2 9 3 -2 20 5 -2 18 7 1 9 3 -2 20 5 1 18 7 -2 9 4 -2
 20 5 -2 19 7 1 10 4 1 20 5 -2 19 7 -2 10 4 -2 20 5 1 19 7 -2 10 1 1 21 6 -2 16
 7 -2 11 1 -2 21 6 -2 16 7 1 11 1 -2 21 6 1 16 7 -2 11 2 -2 21 6 1 17 7 -2 12 2
 1 21 6 -2 17 7 -2 12 2 -2 21 6 -2 17 7 1 12 3 1 21 6 -2 18 7 -2 13 3 -2 21 6 -2
 18 7 1 13 3 -2 21 6 1 18 7 -2 13 4 -2 21 6 -2 19 7 1 14 4 -2 21 6 1 19 7 -2 14
 4 1 21 6 -2 19 7 -2 14 5 -2 21 6 -2 20 7 1 15
 21 7 42 4802 1 0 1 2 0 0
 1 1 2 2 1 1 1 1 3 3 1 1 2 1 3 3 1 2 1 1 4 4 1 1 2 1 4 4 1 2 3 1 4 4 1 3 1 1 5 5
 1 1 2 1 5 5 1 2 3 1 5 5 1 3 4 1 5 5 1 4 1 1 6 6 1 1 2 1 6 6 1 2 3 1 6 6 1 3 4 1
 6 6 1 4 5 1 6 6 1 5 1 1 7 7 1 1 2 1 7 7 1 2 3 1 7 7 1 3 4 1 7 7 1 4 5 1 7 7 1 5
 6 1 7 7 1 6
 1 111 210 4844 4 0 2 7 1 0
 0 -2 111 0 -2 106 0 -2 98 0 -2 69 0 4 27 0 -2 109 0 4 103 0 -2 91 0 -2 62 0 -2
 25 0 -2 107 0 4 103 0 -2 80 0 -2 51 0 -2 22 0 -2 99 0 -2 92 0 -2 79 0 4 37 0 -2
 17 0 -2 67 0 -2 61 0 -2 49 0 4 37 0 -2 8 0 4 27 0 -2 26 0 -2 21 0 -2 16 0 -2 9
 0 -2 111 0 -2 106 0 -2 98 0 -2 69 0 4 27 0 -2 109 0 4 102 0 -2 88 0 -2 60 0 -2
 23 0 -2 107 0 4 102 0 -2 78 0 -2 48 0 -2 20 0 -2 99 0 -2 90 0 -2 75 0 4 36 0 -2
 14 0 -2 67 0 -2 57 0 -2 43 0 4 36 0 -2 6 0 4 27 0 -2 24 0 -2 19 0 -2 15 0 -2 7
 0 4 110 0 -2 104 0 -2 93 0 -2 66 0 -2 26 0 4 110 0 -2 101 0 -2 87 0 -2 59 0 -2
 24 0 -2 105 0 -2 100 0 -2 71 0 -2 42 0 4 18 0 -2 96 0 -2 86 0 -2 72 0 4 32 0 -2
 13 0 -2 63 0 -2 55 0 -2 40 0 4 32 0 -2 4 0 -2 25 0 -2 23 0 4 18 0 -2 12 0 -2 5
 0 4 108 0 -2 104 0 -2 82 0 -2 54 0 -2 21 0 4 108 0 -2 101 0 -2 77 0 -2 47 0 -2
 19 0 -2 105 0 -2 100 0 -2 71 0 -2 42 0 4 18 0 -2 84 0 -2 76 0 -2 72 0 4 30 0 -2
 10 0 -2 52 0 -2 45 0 -2 40 0 4 30 0 -2 2 0 -2 22 0 -2 20 0 4 18 0 -2 11 0 -2 3
 0 4 97 0 -2 95 0 -2 81 0 -2 38 0 -2 16 0 4 97 0 -2 89 0 -2 73 0 -2 35 0 -2 15 0
 -2 94 0 -2 85 0 4 70 0 -2 31 0 -2 12 0 -2 83 0 -2 74 0 4 70 0 -2 29 0 -2 11 0 -2
 39 0 -2 34 0 -2 33 0 -2 28 0 4 1 0 -2 17 0 -2 14 0 -2 13 0 -2 10 0 4 1 0 4 68 0
 -2 65 0 -2 50 0 -2 38 0 -2 9 0 4 68 0 -2 58 0 -2 44 0 -2 35 0 -2 7 0 -2 64 0 -2
 56 0 4 41 0 -2 31 0 -2 5 0 -2 53 0 -2 46 0 4 41 0 -2 29 0 -2 3 0 -2 39 0 -2 34
 0 -2 33 0 -2 28 0 4 1 0 -2 8 0 -2 6 0 -2 4 0 -2 2 0 4 1 0 -2 27 0 1 26 0 1 21 0
 1 16 0 1 9 0 -2 27 0 1 24 0 1 19 0 1 15 0 1 7 0 1 25 0 1 23 0 -2 18 0 1 12 0 1
 5 0 1 22 0 1 20 0 -2 18 0 1 11 0 1 3 0 1 17 0 1 14 0 1 13 0 1 10 0 -2 1 0 1 8 0
 1 6 0 1 4 0 1 2 0 -2 1
 1 75 210 5054 4 1 1 7 1 0
 0 -2 75 0 -2 74 0 -2 71 0 -2 57 0 4 39 0 -2 75 0 1 73 0 -2 68 0 -2 54 0 -2 38 0
 -2 74 0 1 73 0 -2 64 0 -2 50 0 -2 32 0 -2 71 0 -2 68 0 -2 64 0 1 43 0 -2 25 0 -2
 57 0 -2 54 0 -2 50 0 1 43 0 -2 13 0 4 39 0 -2 38 0 -2 32 0 -2 25 0 -2 13 0 -2
 75 0 -2 74 0 -2 71 0 -2 57 0 4 39 0 -2 75 0 1 72 0 -2 65 0 -2 51 0 -2 34 0 -2
 74 0 1 72 0 -2 61 0 -2 46 0 -2 27 0 -2 71 0 -2 65 0 -2 61 0 1 42 0 -2 20 0 -2
 57 0 -2 51 0 -2 46 0 1 42 0 -2 9 0 4 39 0 -2 34 0 -2 27 0 -2 20 0 -2 9 0 1 75 0
 -2 73 0 -2 70 0 -2 56 0 -2 37 0 1 75 0 -2 72 0 -2 67 0 -2 52 0 -2 35 0 -2 73 0
 -2 72 0 -2 58 0 -2 44 0 4 26 0 -2 70 0 -2 67 0 -2 58 0 1 41 0 -2 19 0 -2 56 0 -2
 52 0 -2 44 0 1 41 0 -2 7 0 -2 37 0 -2 35 0 4 26 0 -2 19 0 -2 7 0 1 74 0 -2 73 0
 -2 63 0 -2 48 0 -2 30 0 1 74 0 -2 72 0 -2 59 0 -2 45 0 -2 29 0 -2 73 0 -2 72 0
 -2 58 0 -2 44 0 4 26 0 -2 63 0 -2 59 0 -2 58 0 1 40 0 -2 15 0 -2 48 0 -2 45 0 -2
 44 0 1 40 0 -2 4 0 -2 30 0 -2 29 0 4 26 0 -2 15 0 -2 4 0 1 71 0 -2 69 0 -2 62 0
 -2 43 0 -2 23 0 1 71 0 -2 66 0 -2 60 0 -2 42 0 -2 22 0 -2 69 0 -2 66 0 1 58 0 -2
 41 0 -2 18 0 -2 62 0 -2 60 0 1 58 0 -2 40 0 -2 14 0 -2 43 0 -2 42 0 -2 41 0 -2
 40 0 4 1 0 -2 23 0 -2 22 0 -2 18 0 -2 14 0 4 1 0 1 57 0 -2 55 0 -2 49 0 -2 43 0
 -2 11 0 1 57 0 -2 53 0 -2 47 0 -2 42 0 -2 10 0 -2 55 0 -2 53 0 1 44 0 -2 41 0 -2
 6 0 -2 49 0 -2 47 0 1 44 0 -2 40 0 -2 2 0 -2 43 0 -2 42 0 -2 41 0 -2 40 0 4 1 0
 -2 11 0 -2 10 0 -2 6 0 -2 2 0 4 1 0 -2 39 0 4 36 0 4 31 0 4 24 0 4 12 0 -2 39 0
 4 33 0 4 28 0 4 21 0 4 8 0 4 36 0 4 33 0 -2 26 0 4 17 0 4 5 0 4 31 0 4 28 0 -2
 26 0 4 16 0 4 3 0 4 24 0 4 21 0 4 17 0 4 16 0 -2 1 0 4 12 0 4 8 0 4 5 0 4 3 0 -2
 1
 75 75 300 5264 3 0 1 4 1 1
 1 1 4 2 1 3 3 1 2 4 1 1 1 -2 10 2 -2 8 3 1 5 5 -2 1 1 1 11 2 1 7 3 1 5 5 1 1 1
 -2 9 2 -2 6 3 -2 5 5 1 1 1 1 15 2 1 12 4 1 5 5 1 2 1 -2 16 2 -2 14 4 1 5 5 -2 2
 1 -2 17 2 -2 13 4 -2 5 5 1 2 1 1 18 3 1 13 4 1 6 5 1 3 1 -2 18 3 -2 12 4 -2 7 5
 1 3 1 1 18 3 -2 14 4 -2 8 5 -2 3 2 1 18 3 -2 16 4 -2 10 5 -2 4 2 1 18 3 1 17 4
 1 9 5 1 4 2 -2 18 3 -2 15 4 -2 11 5 1 4 1 -2 23 2 -2 21 3 1 19 6 -2 1 1 -2 24 2
 -2 20 3 -2 19 6 1 1 1 1 25 2 1 22 3 1 19 6 1 1 1 1 29 2 1 26 4 1 19 6 1 2 1 -2
 30 2 -2 27 4 1 19 6 -2 2 1 -2 31 2 -2 28 4 -2 19 6 1 2 1 -2 32 3 -2 26 4 -2 22
 6 1 3 1 1 32 3 1 28 4 1 20 6 1 3 1 1 32 3 -2 27 4 -2 21 6 -2 3 2 1 32 3 -2 30 4
 -2 23 6 -2 4 2 1 32 3 1 31 4 1 24 6 1 4 2 -2 32 3 -2 29 4 -2 25 6 1 4 1 1 34 2
 1 33 5 1 19 6 1 5 1 -2 35 3 1 33 5 -2 22 6 -2 7 1 1 35 3 1 33 5 1 21 6 1 8 1 1
 35 3 -2 33 5 -2 20 6 -2 6 2 1 35 3 -2 34 5 -2 24 6 -2 9 2 1 35 3 1 34 5 1 23 6
 1 10 2 -2 35 3 1 34 5 -2 25 6 -2 11 1 1 36 4 1 33 5 1 27 6 1 14 1 -2 36 4 1 33
 5 -2 26 6 -2 12 1 1 36 4 -2 33 5 -2 28 6 -2 13 2 1 36 4 1 34 5 1 30 6 1 16 2 1
 36 4 -2 34 5 -2 31 6 -2 17 2 -2 36 4 1 34 5 -2 29 6 -2 15 3 1 36 4 1 35 5 1 32
 6 1 18 1 -2 41 2 -2 39 3 -2 37 7 1 1 1 -2 47 2 -2 46 4 -2 37 7 1 2 1 -2 50 3 -2
 44 4 -2 40 7 1 3 2 -2 50 3 -2 49 4 -2 43 7 1 4 1 -2 54 2 -2 53 5 -2 37 7 1 5 1
 -2 57 3 -2 52 5 -2 39 7 1 6 1 -2 58 3 -2 51 5 -2 40 7 1 7 1 -2 59 3 -2 53 5 -2
 38 7 1 8 2 -2 57 3 -2 56 5 -2 41 7 1 9 2 -2 59 3 -2 54 5 -2 42 7 1 10 2 -2 58 3
 -2 55 5 -2 43 7 1 11 1 -2 60 4 -2 51 5 -2 44 7 1 12 1 -2 61 4 -2 52 5 -2 46 7 1
 13 1 -2 62 4 -2 53 5 -2 45 7 1 14 2 -2 60 4 -2 55 5 -2 49 7 1 15 2 -2 62 4 -2
 54 5 -2 48 7 1 16 2 -2 61 4 -2 56 5 -2 47 7 1 17 3 -2 62 4 -2 59 5 -2 50 7 1 18
 1 -2 66 2 -2 65 6 -2 37 7 1 19 1 -2 69 3 -2 64 6 -2 39 7 1 20 1 -2 71 3 -2 65 6
 -2 38 7 1 21 1 -2 70 3 -2 63 6 -2 40 7 1 22 2 -2 71 3 -2 66 6 -2 42 7 1 23 2 -2
 69 3 -2 68 6 -2 41 7 1 24 2 -2 70 3 -2 67 6 -2 43 7 1 25 1 -2 72 4 -2 63 6 -2
 44 7 1 26 1 -2 73 4 -2 65 6 -2 45 7 1 27 1 -2 74 4 -2 64 6 -2 46 7 1 28 2 -2 72
 4 -2 67 6 -2 49 7 1 29 2 -2 73 4 -2 66 6 -2 48 7 1 30 2 -2 74 4 -2 68 6 -2 47 7
 1 31 3 -2 73 4 -2 71 6 -2 50 7 1 32 1 -2 75 5 -2 63 6 -2 51 7 1 33 2 -2 75 5 -2
 67 6 -2 55 7 1 34 3 -2 75 5 -2 69 6 -2 57 7 1 35 4 -2 75 5 -2 74 6 -2 61 7 1 36
 1 75 840 5564 3 0 1 7 1 0
 0 -2 75 0 4 72 0 4 60 0 4 36 0 -2 75 0 4 70 0 4 58 0 4 35 0 4 72 0 4 70 0 -2 50
 0 4 32 0 4 60 0 4 58 0 -2 50 0 4 18 0 4 36 0 4 35 0 4 32 0 4 18 0 4 75 0 4 74 0
 4 61 0 -2 36 0 4 75 0 4 66 0 4 54 0 4 34 0 4 74 0 4 66 0 -2 47 0 4 31 0 4 61 0
 4 54 0 -2 47 0 4 17 0 -2 36 0 4 34 0 4 31 0 4 17 0 4 75 0 4 69 0 4 57 0 -2 35 0
 4 75 0 4 66 0 4 54 0 4 34 0 4 69 0 4 66 0 -2 41 0 4 24 0 4 57 0 4 54 0 -2 41 0
 4 9 0 -2 35 0 4 34 0 4 24 0 4 9 0 4 73 0 4 71 0 4 50 0 -2 32 0 4 73 0 -2 66 0 4
 47 0 4 30 0 4 71 0 -2 66 0 4 41 0 4 23 0 4 50 0 4 47 0 4 41 0 4 4 0 -2 32 0 4
 30 0 4 23 0 4 4 0 4 62 0 4 59 0 4 50 0 -2 18 0 4 62 0 -2 54 0 4 47 0 4 16 0 4
 59 0 -2 54 0 4 41 0 4 10 0 4 50 0 4 47 0 4 41 0 4 4 0 -2 18 0 4 16 0 4 10 0 4 4
 0 4 36 0 4 35 0 4 32 0 4 18 0 4 36 0 -2 34 0 4 29 0 4 15 0 4 35 0 -2 34 0 4 25
 0 4 11 0 4 32 0 4 29 0 4 25 0 -2 4 0 4 18 0 4 15 0 4 11 0 -2 4 0 -2 75 0 4 72 0
 4 60 0 4 36 0 -2 75 0 4 70 0 4 58 0 4 35 0 4 72 0 4 70 0 -2 50 0 4 32 0 4 60 0
 4 58 0 -2 50 0 4 18 0 4 36 0 4 35 0 4 32 0 4 18 0 4 75 0 4 74 0 4 61 0 -2 36 0
 4 75 0 4 65 0 4 53 0 4 33 0 4 74 0 4 65 0 -2 46 0 4 28 0 4 61 0 4 53 0 -2 46 0
 4 13 0 -2 36 0 4 33 0 4 28 0 4 13 0 4 75 0 4 69 0 4 57 0 -2 35 0 4 75 0 4 65 0
 4 53 0 4 33 0 4 69 0 4 65 0 -2 39 0 4 20 0 4 57 0 4 53 0 -2 39 0 4 6 0 -2 35 0
 4 33 0 4 20 0 4 6 0 4 73 0 4 71 0 4 50 0 -2 32 0 4 73 0 -2 65 0 4 46 0 4 27 0 4
 71 0 -2 65 0 4 39 0 4 21 0 4 50 0 4 46 0 4 39 0 4 3 0 -2 32 0 4 27 0 4 21 0 4 3
 0 4 62 0 4 59 0 4 50 0 -2 18 0 4 62 0 -2 53 0 4 46 0 4 14 0 4 59 0 -2 53 0 4 39
 0 4 8 0 4 50 0 4 46 0 4 39 0 4 3 0 -2 18 0 4 14 0 4 8 0 4 3 0 4 36 0 4 35 0 4
 32 0 4 18 0 4 36 0 -2 33 0 4 26 0 4 12 0 4 35 0 -2 33 0 4 22 0 4 7 0 4 32 0 4
 26 0 4 22 0 -2 3 0 4 18 0 4 12 0 4 7 0 -2 3 0 4 75 0 4 73 0 4 62 0 4 36 0 4 75
 0 4 67 0 4 55 0 -2 34 0 4 73 0 4 67 0 -2 49 0 4 29 0 4 62 0 4 55 0 -2 49 0 4 15
 0 4 36 0 -2 34 0 4 29 0 4 15 0 4 75 0 4 73 0 4 62 0 4 36 0 4 75 0 4 63 0 4 51 0
 -2 33 0 4 73 0 4 63 0 -2 44 0 4 26 0 4 62 0 4 51 0 -2 44 0 4 12 0 4 36 0 -2 33
 0 4 26 0 4 12 0 -2 75 0 4 68 0 4 56 0 4 34 0 -2 75 0 4 64 0 4 52 0 4 33 0 4 68
 0 4 64 0 -2 37 0 4 19 0 4 56 0 4 52 0 -2 37 0 4 5 0 4 34 0 4 33 0 4 19 0 4 5 0
 -2 73 0 4 66 0 4 49 0 4 30 0 -2 73 0 4 65 0 4 44 0 4 27 0 4 66 0 4 65 0 4 37 0
 -2 19 0 4 49 0 4 44 0 4 37 0 4 2 0 4 30 0 4 27 0 -2 19 0 4 2 0 -2 62 0 4 54 0 4
 49 0 4 16 0 -2 62 0 4 53 0 4 44 0 4 14 0 4 54 0 4 53 0 4 37 0 -2 5 0 4 49 0 4
 44 0 4 37 0 4 2 0 4 16 0 4 14 0 -2 5 0 4 2 0 -2 36 0 4 34 0 4 31 0 4 17 0 -2 36
 0 4 33 0 4 28 0 4 13 0 4 34 0 4 33 0 4 19 0 4 5 0 4 31 0 4 28 0 4 19 0 -2 2 0 4
 17 0 4 13 0 4 5 0 -2 2 0 4 75 0 4 71 0 4 59 0 4 35 0 4 75 0 4 67 0 4 55 0 -2 34
 0 4 71 0 4 67 0 -2 43 0 4 25 0 4 59 0 4 55 0 -2 43 0 4 11 0 4 35 0 -2 34 0 4 25
 0 4 11 0 4 75 0 4 71 0 4 59 0 4 35 0 4 75 0 4 63 0 4 51 0 -2 33 0 4 71 0 4 63 0
 -2 40 0 4 22 0 4 59 0 4 51 0 -2 40 0 4 7 0 4 35 0 -2 33 0 4 22 0 4 7 0 -2 75 0
 4 68 0 4 56 0 4 34 0 -2 75 0 4 64 0 4 52 0 4 33 0 4 68 0 4 64 0 -2 37 0 4 19 0
 4 56 0 4 52 0 -2 37 0 4 5 0 4 34 0 4 33 0 4 19 0 4 5 0 -2 71 0 4 66 0 4 43 0 4
 23 0 -2 71 0 4 65 0 4 40 0 4 21 0 4 66 0 4 65 0 4 37 0 -2 19 0 4 43 0 4 40 0 4
 37 0 4 1 0 4 23 0 4 21 0 -2 19 0 4 1 0 -2 59 0 4 54 0 4 43 0 4 10 0 -2 59 0 4
 53 0 4 40 0 4 8 0 4 54 0 4 53 0 4 37 0 -2 5 0 4 43 0 4 40 0 4 37 0 4 1 0 4 10 0
 4 8 0 -2 5 0 4 1 0 -2 35 0 4 34 0 4 24 0 4 9 0 -2 35 0 4 33 0 4 20 0 4 6 0 4 34
 0 4 33 0 4 19 0 4 5 0 4 24 0 4 20 0 4 19 0 -2 1 0 4 9 0 4 6 0 4 5 0 -2 1 0 4 74
 0 4 69 0 4 50 0 4 32 0 4 74 0 -2 67 0 4 49 0 4 29 0 4 69 0 -2 67 0 4 43 0 4 25
 0 4 50 0 4 49 0 4 43 0 -2 4 0 4 32 0 4 29 0 4 25 0 -2 4 0 4 74 0 4 69 0 4 50 0
 4 32 0 4 74 0 -2 63 0 4 44 0 4 26 0 4 69 0 -2 63 0 4 40 0 4 22 0 4 50 0 4 44 0
 4 40 0 -2 3 0 4 32 0 4 26 0 4 22 0 -2 3 0 -2 74 0 4 67 0 4 47 0 4 31 0 -2 74 0
 4 63 0 4 46 0 4 28 0 4 67 0 4 63 0 4 37 0 4 19 0 4 47 0 4 46 0 4 37 0 -2 2 0 4
 31 0 4 28 0 4 19 0 -2 2 0 -2 69 0 4 67 0 4 41 0 4 24 0 -2 69 0 4 63 0 4 39 0 4
 20 0 4 67 0 4 63 0 4 37 0 4 19 0 4 41 0 4 39 0 4 37 0 -2 1 0 4 24 0 4 20 0 4 19
 0 -2 1 0 -2 50 0 4 48 0 4 42 0 4 4 0 -2 50 0 4 45 0 4 38 0 4 3 0 4 48 0 4 45 0
 -2 37 0 4 2 0 4 42 0 4 38 0 -2 37 0 4 1 0 4 4 0 4 3 0 4 2 0 4 1 0 -2 32 0 4 30
 0 4 23 0 4 4 0 -2 32 0 4 27 0 4 21 0 4 3 0 4 30 0 4 27 0 -2 19 0 4 2 0 4 23 0 4
 21 0 -2 19 0 4 1 0 4 4 0 4 3 0 4 2 0 4 1 0 4 61 0 4 57 0 4 50 0 4 18 0 4 61 0 -2
 55 0 4 49 0 4 15 0 4 57 0 -2 55 0 4 43 0 4 11 0 4 50 0 4 49 0 4 43 0 -2 4 0 4
 18 0 4 15 0 4 11 0 -2 4 0 4 61 0 4 57 0 4 50 0 4 18 0 4 61 0 -2 51 0 4 44 0 4
 12 0 4 57 0 -2 51 0 4 40 0 4 7 0 4 50 0 4 44 0 4 40 0 -2 3 0 4 18 0 4 12 0 4 7
 0 -2 3 0 -2 61 0 4 55 0 4 47 0 4 17 0 -2 61 0 4 51 0 4 46 0 4 13 0 4 55 0 4 51
 0 4 37 0 4 5 0 4 47 0 4 46 0 4 37 0 -2 2 0 4 17 0 4 13 0 4 5 0 -2 2 0 -2 57 0 4
 55 0 4 41 0 4 9 0 -2 57 0 4 51 0 4 39 0 4 6 0 4 55 0 4 51 0 4 37 0 4 5 0 4 41 0
 4 39 0 4 37 0 -2 1 0 4 9 0 4 6 0 4 5 0 -2 1 0 -2 50 0 4 48 0 4 42 0 4 4 0 -2 50
 0 4 45 0 4 38 0 4 3 0 4 48 0 4 45 0 -2 37 0 4 2 0 4 42 0 4 38 0 -2 37 0 4 1 0 4
 4 0 4 3 0 4 2 0 4 1 0 -2 18 0 4 16 0 4 10 0 4 4 0 -2 18 0 4 14 0 4 8 0 4 3 0 4
 16 0 4 14 0 -2 5 0 4 2 0 4 10 0 4 8 0 -2 5 0 4 1 0 4 4 0 4 3 0 4 2 0 4 1 0 -2
 36 0 -2 35 0 -2 32 0 -2 18 0 -2 36 0 1 34 0 -2 29 0 -2 15 0 -2 35 0 1 34 0 -2
 25 0 -2 11 0 -2 32 0 -2 29 0 -2 25 0 1 4 0 -2 18 0 -2 15 0 -2 11 0 1 4 0 -2 36
 0 -2 35 0 -2 32 0 -2 18 0 -2 36 0 1 33 0 -2 26 0 -2 12 0 -2 35 0 1 33 0 -2 22 0
 -2 7 0 -2 32 0 -2 26 0 -2 22 0 1 3 0 -2 18 0 -2 12 0 -2 7 0 1 3 0 1 36 0 -2 34
 0 -2 31 0 -2 17 0 1 36 0 -2 33 0 -2 28 0 -2 13 0 -2 34 0 -2 33 0 -2 19 0 -2 5 0
 -2 31 0 -2 28 0 -2 19 0 1 2 0 -2 17 0 -2 13 0 -2 5 0 1 2 0 1 35 0 -2 34 0 -2 24
 0 -2 9 0 1 35 0 -2 33 0 -2 20 0 -2 6 0 -2 34 0 -2 33 0 -2 19 0 -2 5 0 -2 24 0 -2
 20 0 -2 19 0 1 1 0 -2 9 0 -2 6 0 -2 5 0 1 1 0 1 32 0 -2 30 0 -2 23 0 -2 4 0 1
 32 0 -2 27 0 -2 21 0 -2 3 0 -2 30 0 -2 27 0 1 19 0 -2 2 0 -2 23 0 -2 21 0 1 19
 0 -2 1 0 -2 4 0 -2 3 0 -2 2 0 -2 1 0 1 18 0 -2 16 0 -2 10 0 -2 4 0 1 18 0 -2 14
 0 -2 8 0 -2 3 0 -2 16 0 -2 14 0 1 5 0 -2 2 0 -2 10 0 -2 8 0 1 5 0 -2 1 0 -2 4 0
 -2 3 0 -2 2 0 -2 1
 1 51 840 6404 3 1 0 7 1 0
 0 1 51 0 -2 50 0 -2 46 0 -2 36 0 1 51 0 -2 49 0 -2 45 0 -2 35 0 -2 50 0 -2 49 0
 1 42 0 -2 32 0 -2 46 0 -2 45 0 1 42 0 -2 18 0 -2 36 0 -2 35 0 -2 32 0 -2 18 0 -2
 51 0 4 50 0 4 46 0 4 36 0 -2 51 0 4 48 0 4 44 0 4 34 0 4 50 0 4 48 0 -2 41 0 4
 30 0 4 46 0 4 44 0 -2 41 0 4 16 0 4 36 0 4 34 0 4 30 0 4 16 0 -2 51 0 4 49 0 4
 45 0 4 35 0 -2 51 0 4 48 0 4 44 0 4 34 0 4 49 0 4 48 0 -2 39 0 4 24 0 4 45 0 4
 44 0 -2 39 0 4 11 0 4 35 0 4 34 0 4 24 0 4 11 0 4 50 0 4 49 0 -2 42 0 4 32 0 4
 50 0 -2 48 0 4 41 0 4 31 0 4 49 0 -2 48 0 4 39 0 4 25 0 -2 42 0 4 41 0 4 39 0 4
 4 0 4 32 0 4 31 0 4 25 0 4 4 0 4 46 0 4 45 0 -2 42 0 4 18 0 4 46 0 -2 44 0 4 41
 0 4 17 0 4 45 0 -2 44 0 4 39 0 4 9 0 -2 42 0 4 41 0 4 39 0 4 4 0 4 18 0 4 17 0
 4 9 0 4 4 0 4 36 0 4 35 0 4 32 0 4 18 0 4 36 0 -2 34 0 4 29 0 4 15 0 4 35 0 -2
 34 0 4 23 0 4 10 0 4 32 0 4 29 0 4 23 0 -2 4 0 4 18 0 4 15 0 4 10 0 -2 4 0 1 51
 0 -2 50 0 -2 46 0 -2 36 0 1 51 0 -2 49 0 -2 45 0 -2 35 0 -2 50 0 -2 49 0 1 42 0
 -2 32 0 -2 46 0 -2 45 0 1 42 0 -2 18 0 -2 36 0 -2 35 0 -2 32 0 -2 18 0 -2 51 0
 4 50 0 4 46 0 4 36 0 -2 51 0 4 47 0 4 43 0 4 33 0 4 50 0 4 47 0 -2 40 0 4 26 0
 4 46 0 4 43 0 -2 40 0 4 14 0 4 36 0 4 33 0 4 26 0 4 14 0 -2 51 0 4 49 0 4 45 0
 4 35 0 -2 51 0 4 47 0 4 43 0 4 33 0 4 49 0 4 47 0 -2 38 0 4 21 0 4 45 0 4 43 0
 -2 38 0 4 7 0 4 35 0 4 33 0 4 21 0 4 7 0 4 50 0 4 49 0 -2 42 0 4 32 0 4 50 0 -2
 47 0 4 40 0 4 28 0 4 49 0 -2 47 0 4 38 0 4 20 0 -2 42 0 4 40 0 4 38 0 4 3 0 4
 32 0 4 28 0 4 20 0 4 3 0 4 46 0 4 45 0 -2 42 0 4 18 0 4 46 0 -2 43 0 4 40 0 4
 12 0 4 45 0 -2 43 0 4 38 0 4 6 0 -2 42 0 4 40 0 4 38 0 4 3 0 4 18 0 4 12 0 4 6
 0 4 3 0 4 36 0 4 35 0 4 32 0 4 18 0 4 36 0 -2 33 0 4 27 0 4 13 0 4 35 0 -2 33 0
 4 22 0 4 8 0 4 32 0 4 27 0 4 22 0 -2 3 0 4 18 0 4 13 0 4 8 0 -2 3 0 -2 51 0 4
 50 0 4 46 0 4 36 0 -2 51 0 4 48 0 4 44 0 4 34 0 4 50 0 4 48 0 -2 41 0 4 30 0 4
 46 0 4 44 0 -2 41 0 4 16 0 4 36 0 4 34 0 4 30 0 4 16 0 -2 51 0 4 50 0 4 46 0 4
 36 0 -2 51 0 4 47 0 4 43 0 4 33 0 4 50 0 4 47 0 -2 40 0 4 26 0 4 46 0 4 43 0 -2
 40 0 4 14 0 4 36 0 4 33 0 4 26 0 4 14 0 1 51 0 -2 48 0 -2 44 0 -2 34 0 1 51 0 -2
 47 0 -2 43 0 -2 33 0 -2 48 0 -2 47 0 1 37 0 -2 19 0 -2 44 0 -2 43 0 1 37 0 -2 5
 0 -2 34 0 -2 33 0 -2 19 0 -2 5 0 -2 50 0 4 48 0 4 41 0 4 29 0 -2 50 0 4 47 0 4
 40 0 4 27 0 4 48 0 4 47 0 -2 37 0 4 19 0 4 41 0 4 40 0 -2 37 0 4 2 0 4 29 0 4
 27 0 4 19 0 4 2 0 -2 46 0 4 44 0 4 41 0 4 15 0 -2 46 0 4 43 0 4 40 0 4 13 0 4
 44 0 4 43 0 -2 37 0 4 5 0 4 41 0 4 40 0 -2 37 0 4 2 0 4 15 0 4 13 0 4 5 0 4 2 0
 -2 36 0 4 34 0 4 31 0 4 17 0 -2 36 0 4 33 0 4 28 0 4 12 0 4 34 0 4 33 0 4 19 0
 4 5 0 4 31 0 4 28 0 4 19 0 -2 2 0 4 17 0 4 12 0 4 5 0 -2 2 0 -2 51 0 4 49 0 4
 45 0 4 35 0 -2 51 0 4 48 0 4 44 0 4 34 0 4 49 0 4 48 0 -2 39 0 4 24 0 4 45 0 4
 44 0 -2 39 0 4 11 0 4 35 0 4 34 0 4 24 0 4 11 0 -2 51 0 4 49 0 4 45 0 4 35 0 -2
 51 0 4 47 0 4 43 0 4 33 0 4 49 0 4 47 0 -2 38 0 4 21 0 4 45 0 4 43 0 -2 38 0 4
 7 0 4 35 0 4 33 0 4 21 0 4 7 0 1 51 0 -2 48 0 -2 44 0 -2 34 0 1 51 0 -2 47 0 -2
 43 0 -2 33 0 -2 48 0 -2 47 0 1 37 0 -2 19 0 -2 44 0 -2 43 0 1 37 0 -2 5 0 -2 34
 0 -2 33 0 -2 19 0 -2 5 0 -2 49 0 4 48 0 4 39 0 4 23 0 -2 49 0 4 47 0 4 38 0 4
 22 0 4 48 0 4 47 0 -2 37 0 4 19 0 4 39 0 4 38 0 -2 37 0 4 1 0 4 23 0 4 22 0 4
 19 0 4 1 0 -2 45 0 4 44 0 4 39 0 4 10 0 -2 45 0 4 43 0 4 38 0 4 8 0 4 44 0 4 43
 0 -2 37 0 4 5 0 4 39 0 4 38 0 -2 37 0 4 1 0 4 10 0 4 8 0 4 5 0 4 1 0 -2 35 0 4
 34 0 4 25 0 4 9 0 -2 35 0 4 33 0 4 20 0 4 6 0 4 34 0 4 33 0 4 19 0 4 5 0 4 25 0
 4 20 0 4 19 0 -2 1 0 4 9 0 4 6 0 4 5 0 -2 1 0 4 50 0 4 49 0 -2 42 0 4 32 0 4 50
 0 -2 48 0 4 41 0 4 31 0 4 49 0 -2 48 0 4 39 0 4 25 0 -2 42 0 4 41 0 4 39 0 4 4
 0 4 32 0 4 31 0 4 25 0 4 4 0 4 50 0 4 49 0 -2 42 0 4 32 0 4 50 0 -2 47 0 4 40 0
 4 28 0 4 49 0 -2 47 0 4 38 0 4 20 0 -2 42 0 4 40 0 4 38 0 4 3 0 4 32 0 4 28 0 4
 20 0 4 3 0 -2 50 0 4 48 0 4 41 0 4 29 0 -2 50 0 4 47 0 4 40 0 4 27 0 4 48 0 4
 47 0 -2 37 0 4 19 0 4 41 0 4 40 0 -2 37 0 4 2 0 4 29 0 4 27 0 4 19 0 4 2 0 -2
 49 0 4 48 0 4 39 0 4 23 0 -2 49 0 4 47 0 4 38 0 4 22 0 4 48 0 4 47 0 -2 37 0 4
 19 0 4 39 0 4 38 0 -2 37 0 4 1 0 4 23 0 4 22 0 4 19 0 4 1 0 1 42 0 -2 41 0 -2
 39 0 -2 4 0 1 42 0 -2 40 0 -2 38 0 -2 3 0 -2 41 0 -2 40 0 1 37 0 -2 2 0 -2 39 0
 -2 38 0 1 37 0 -2 1 0 -2 4 0 -2 3 0 -2 2 0 -2 1 0 -2 32 0 4 30 0 4 24 0 4 4 0 -2
 32 0 4 26 0 4 21 0 4 3 0 4 30 0 4 26 0 -2 19 0 4 2 0 4 24 0 4 21 0 -2 19 0 4 1
 0 4 4 0 4 3 0 4 2 0 4 1 0 4 46 0 4 45 0 -2 42 0 4 18 0 4 46 0 -2 44 0 4 41 0 4
 17 0 4 45 0 -2 44 0 4 39 0 4 9 0 -2 42 0 4 41 0 4 39 0 4 4 0 4 18 0 4 17 0 4 9
 0 4 4 0 4 46 0 4 45 0 -2 42 0 4 18 0 4 46 0 -2 43 0 4 40 0 4 12 0 4 45 0 -2 43
 0 4 38 0 4 6 0 -2 42 0 4 40 0 4 38 0 4 3 0 4 18 0 4 12 0 4 6 0 4 3 0 -2 46 0 4
 44 0 4 41 0 4 15 0 -2 46 0 4 43 0 4 40 0 4 13 0 4 44 0 4 43 0 -2 37 0 4 5 0 4
 41 0 4 40 0 -2 37 0 4 2 0 4 15 0 4 13 0 4 5 0 4 2 0 -2 45 0 4 44 0 4 39 0 4 10
 0 -2 45 0 4 43 0 4 38 0 4 8 0 4 44 0 4 43 0 -2 37 0 4 5 0 4 39 0 4 38 0 -2 37 0
 4 1 0 4 10 0 4 8 0 4 5 0 4 1 0 1 42 0 -2 41 0 -2 39 0 -2 4 0 1 42 0 -2 40 0 -2
 38 0 -2 3 0 -2 41 0 -2 40 0 1 37 0 -2 2 0 -2 39 0 -2 38 0 1 37 0 -2 1 0 -2 4 0
 -2 3 0 -2 2 0 -2 1 0 -2 18 0 4 16 0 4 11 0 4 4 0 -2 18 0 4 14 0 4 7 0 4 3 0 4
 16 0 4 14 0 -2 5 0 4 2 0 4 11 0 4 7 0 -2 5 0 4 1 0 4 4 0 4 3 0 4 2 0 4 1 0 4 36
 0 4 35 0 4 32 0 4 18 0 4 36 0 -2 34 0 4 29 0 4 15 0 4 35 0 -2 34 0 4 23 0 4 10
 0 4 32 0 4 29 0 4 23 0 -2 4 0 4 18 0 4 15 0 4 10 0 -2 4 0 4 36 0 4 35 0 4 32 0
 4 18 0 4 36 0 -2 33 0 4 27 0 4 13 0 4 35 0 -2 33 0 4 22 0 4 8 0 4 32 0 4 27 0 4
 22 0 -2 3 0 4 18 0 4 13 0 4 8 0 -2 3 0 -2 36 0 4 34 0 4 31 0 4 17 0 -2 36 0 4
 33 0 4 28 0 4 12 0 4 34 0 4 33 0 4 19 0 4 5 0 4 31 0 4 28 0 4 19 0 -2 2 0 4 17
 0 4 12 0 4 5 0 -2 2 0 -2 35 0 4 34 0 4 25 0 4 9 0 -2 35 0 4 33 0 4 20 0 4 6 0 4
 34 0 4 33 0 4 19 0 4 5 0 4 25 0 4 20 0 4 19 0 -2 1 0 4 9 0 4 6 0 4 5 0 -2 1 0 -2
 32 0 4 30 0 4 24 0 4 4 0 -2 32 0 4 26 0 4 21 0 4 3 0 4 30 0 4 26 0 -2 19 0 4 2
 0 4 24 0 4 21 0 -2 19 0 4 1 0 4 4 0 4 3 0 4 2 0 4 1 0 -2 18 0 4 16 0 4 11 0 4 4
 0 -2 18 0 4 14 0 4 7 0 4 3 0 4 16 0 4 14 0 -2 5 0 4 2 0 4 11 0 4 7 0 -2 5 0 4 1
 0 4 4 0 4 3 0 4 2 0 4 1
 51 21 153 7244 2 0 0 3 1 0
 1 -2 3 2 -2 2 3 1 1 1 -2 5 2 -2 4 4 1 1 1 1 6 3 -2 4 4 -2 2 2 1 6 3 -2 5 4 -2 3
 1 -2 8 2 -2 7 5 1 1 1 -2 9 3 1 7 5 -2 2 1 -2 9 3 -2 7 5 1 2 1 1 9 3 -2 7 5 -2 2
 2 -2 9 3 1 8 5 -2 3 2 1 9 3 -2 8 5 -2 3 2 -2 9 3 -2 8 5 1 3 1 -2 10 4 1 7 5 -2
 4 1 1 10 4 -2 7 5 -2 4 1 -2 10 4 -2 7 5 1 4 2 1 10 4 -2 8 5 -2 5 2 -2 10 4 -2 8
 5 1 5 2 -2 10 4 1 8 5 -2 5 3 -2 10 4 -2 9 5 1 6 1 -2 12 2 -2 11 6 1 1 1 -2 13 3
 1 11 6 -2 2 1 -2 13 3 -2 11 6 1 2 1 1 13 3 -2 11 6 -2 2 2 1 13 3 -2 12 6 -2 3 2
 -2 13 3 -2 12 6 1 3 2 -2 13 3 1 12 6 -2 3 1 -2 14 4 -2 11 6 1 4 1 1 14 4 -2 11
 6 -2 4 1 -2 14 4 1 11 6 -2 4 2 1 14 4 -2 12 6 -2 5 2 -2 14 4 -2 12 6 1 5 2 -2
 14 4 1 12 6 -2 5 3 -2 14 4 -2 13 6 1 6 1 1 15 5 -2 11 6 -2 7 2 1 15 5 -2 12 6 -2
 8 3 1 15 5 -2 13 6 -2 9 4 1 15 5 -2 14 6 -2 10 1 -2 17 2 -2 16 7 1 1 1 -2 18 3
 -2 16 7 1 2 2 -2 18 3 -2 17 7 1 3 1 -2 19 4 -2 16 7 1 4 2 -2 19 4 -2 17 7 1 5 3
 -2 19 4 -2 18 7 1 6 1 -2 20 5 -2 16 7 1 7 2 -2 20 5 -2 17 7 1 8 3 -2 20 5 -2 18
 7 1 9 4 -2 20 5 -2 19 7 1 10 1 -2 21 6 -2 16 7 1 11 2 -2 21 6 -2 17 7 1 12 3 -2
 21 6 -2 18 7 1 13 4 -2 21 6 -2 19 7 1 14 5 -2 21 6 -2 20 7 1 15
 1 7 7 7397 6 1 1 7 1 0
 1 1 7 2 1 6 3 1 5 4 1 4 5 1 3 6 1 2 7 -2 1
 7 33 42 7404 5 0 1 6 1 1
 1 1 6 2 1 5 3 1 4 4 1 3 5 1 2 6 1 1 1 -2 14 2 -2 12 3 -2 10 4 -2 8 5 -2 7 7 1 1
 1 -2 22 2 -2 21 3 -2 19 4 -2 17 6 -2 7 7 1 2 1 -2 27 2 -2 26 3 -2 24 5 -2 16 6
 -2 9 7 1 3 1 -2 31 2 -2 30 4 -2 24 5 -2 18 6 -2 11 7 1 4 1 -2 33 3 -2 29 4 -2
 25 5 -2 20 6 -2 13 7 1 5 2 -2 33 3 -2 32 4 -2 28 5 -2 23 6 -2 15 7 1 6
 33 51 165 7446 4 0 0 5 0 1
 1 -2 5 2 -2 4 3 -2 3 4 -2 2 5 1 1 1 -2 9 2 -2 8 3 -2 7 4 -2 6 6 1 1 1 -2 12 2 -2
 11 3 1 10 5 -2 6 6 -2 2 1 -2 14 2 -2 13 4 1 10 5 -2 7 6 -2 3 1 1 15 3 -2 13 4 -2
 11 5 -2 8 6 -2 4 2 1 15 3 -2 14 4 -2 12 5 -2 9 6 -2 5 1 -2 19 2 -2 18 3 -2 17 4
 -2 16 7 1 1 1 -2 26 2 -2 22 3 -2 20 5 1 16 7 -2 2 1 -2 25 2 -2 21 3 1 20 5 -2
 16 7 -2 2 1 -2 32 2 -2 29 4 -2 20 5 1 17 7 -2 3 1 -2 31 2 -2 27 4 1 20 5 -2 17
 7 -2 3 1 -2 33 3 -2 28 4 -2 23 5 1 18 7 -2 4 1 1 33 3 -2 27 4 -2 21 5 -2 18 7 -2
 4 2 -2 33 3 -2 30 4 -2 24 5 1 19 7 -2 5 2 1 33 3 -2 31 4 -2 25 5 -2 19 7 -2 5 1
 -2 39 2 -2 35 3 1 34 6 -2 16 7 -2 6 1 -2 40 2 -2 36 3 -2 34 6 1 16 7 -2 6 1 -2
 45 2 -2 42 4 1 34 6 -2 17 7 -2 7 1 -2 46 2 -2 43 4 -2 34 6 1 17 7 -2 7 1 1 47 3
 -2 42 4 -2 35 6 -2 18 7 -2 8 1 -2 47 3 -2 41 4 -2 37 6 1 18 7 -2 8 2 -2 47 3 -2
 44 4 -2 38 6 1 19 7 -2 9 2 1 47 3 -2 45 4 -2 39 6 -2 19 7 -2 9 1 -2 49 2 -2 48
 5 -2 34 6 -2 20 7 1 10 1 1 50 3 -2 48 5 -2 36 6 -2 22 7 -2 11 1 -2 50 3 1 48 5
 -2 37 6 -2 23 7 -2 11 2 -2 50 3 1 49 5 -2 38 6 -2 24 7 -2 12 2 1 50 3 -2 49 5 -2
 40 6 -2 26 7 -2 12 1 1 51 4 -2 48 5 -2 43 6 -2 29 7 -2 13 1 -2 51 4 1 48 5 -2
 41 6 -2 28 7 -2 13 2 -2 51 4 1 49 5 -2 44 6 -2 30 7 -2 14 2 1 51 4 -2 49 5 -2
 46 6 -2 32 7 -2 14 3 -2 51 4 -2 50 5 -2 47 6 -2 33 7 1 15
 51 75 204 7611 3 0 1 4 0 0
 1 1 4 2 1 3 3 1 2 4 1 1 1 1 11 2 1 7 3 1 5 5 1 1 1 1 15 2 1 12 4 1 5 5 1 2 1 1
 18 3 1 13 4 1 6 5 1 3 2 1 18 3 1 17 4 1 9 5 1 4 1 1 25 2 1 22 3 1 19 6 1 1 1 1
 29 2 1 26 4 1 19 6 1 2 1 1 32 3 1 28 4 1 20 6 1 3 2 1 32 3 1 31 4 1 24 6 1 4 1
 1 34 2 1 33 5 1 19 6 1 5 1 1 35 3 1 33 5 1 21 6 1 8 2 1 35 3 1 34 5 1 23 6 1 10
 1 1 36 4 1 33 5 1 27 6 1 14 2 1 36 4 1 34 5 1 30 6 1 16 3 1 36 4 1 35 5 1 32 6
 1 18 1 1 43 2 1 40 3 1 37 7 1 1 1 1 49 2 1 44 4 1 37 7 1 2 1 1 50 3 1 46 4 1 39
 7 1 3 2 1 50 3 1 47 4 1 41 7 1 4 1 1 55 2 1 51 5 1 37 7 1 5 1 1 57 3 1 51 5 1
 38 7 1 8 1 1 59 3 1 52 5 1 40 7 1 6 1 1 58 3 1 53 5 1 39 7 1 7 2 1 58 3 1 54 5
 1 41 7 1 11 2 1 57 3 1 55 5 1 42 7 1 10 2 1 59 3 1 56 5 1 43 7 1 9 1 1 61 4 1
 51 5 1 45 7 1 14 1 1 60 4 1 53 5 1 46 7 1 12 1 1 62 4 1 52 5 1 44 7 1 13 2 1 60
 4 1 54 5 1 47 7 1 15 2 1 61 4 1 55 5 1 48 7 1 16 2 1 62 4 1 56 5 1 49 7 1 17 3
 1 61 4 1 57 5 1 50 7 1 18 1 1 67 2 1 63 6 1 37 7 1 19 1 1 69 3 1 63 6 1 38 7 1
 21 1 1 71 3 1 64 6 1 40 7 1 20 1 1 70 3 1 65 6 1 39 7 1 22 2 1 70 3 1 66 6 1 41
 7 1 25 2 1 69 3 1 67 6 1 42 7 1 23 2 1 71 3 1 68 6 1 43 7 1 24 1 1 72 4 1 65 6
 1 46 7 1 26 1 1 74 4 1 63 6 1 45 7 1 27 1 1 73 4 1 64 6 1 44 7 1 28 2 1 72 4 1
 66 6 1 47 7 1 29 2 1 74 4 1 67 6 1 48 7 1 30 2 1 73 4 1 68 6 1 49 7 1 31 3 1 74
 4 1 69 6 1 50 7 1 32 1 1 75 5 1 65 6 1 53 7 1 33 2 1 75 5 1 66 6 1 54 7 1 34 3
 1 75 5 1 71 6 1 59 7 1 35 4 1 75 5 1 73 6 1 62 7 1 36
 1 33 42 7815 5 0 1 7 1 0
 0 -2 33 0 -2 31 0 -2 27 0 -2 22 0 -2 14 0 -2 6 0 -2 33 0 -2 30 0 -2 26 0 -2 21
 0 -2 12 0 -2 5 0 -2 32 0 -2 29 0 -2 24 0 -2 19 0 -2 10 0 -2 4 0 -2 28 0 -2 25 0
 -2 24 0 -2 17 0 -2 8 0 -2 3 0 -2 23 0 -2 20 0 -2 18 0 -2 16 0 -2 7 0 -2 2 0 -2
 15 0 -2 13 0 -2 11 0 -2 9 0 -2 7 0 -2 1 0 1 6 0 1 5 0 1 4 0 1 3 0 1 2 0 1 1
 1 21 42 7857 5 1 0 7 1 0
 0 1 21 0 -2 20 0 -2 18 0 -2 15 0 -2 11 0 -2 6 0 1 21 0 -2 19 0 -2 17 0 -2 14 0
 -2 10 0 -2 5 0 -2 20 0 -2 19 0 1 16 0 -2 13 0 -2 9 0 -2 4 0 -2 18 0 -2 17 0 1
 16 0 -2 12 0 -2 8 0 -2 3 0 -2 15 0 -2 14 0 -2 13 0 -2 12 0 1 7 0 -2 2 0 -2 11 0
 -2 10 0 -2 9 0 -2 8 0 1 7 0 -2 1 0 -2 6 0 -2 5 0 -2 4 0 -2 3 0 -2 2 0 -2 1
 21 51 105 7899 4 0 0 5 1 0
 1 -2 5 2 -2 4 3 -2 3 4 -2 2 5 1 1 1 -2 9 2 -2 8 3 -2 7 4 -2 6 6 1 1 1 -2 12 2 -2
 11 3 1 10 5 -2 6 6 -2 2 1 -2 14 2 -2 13 4 1 10 5 -2 7 6 -2 3 1 1 15 3 -2 13 4 -2
 11 5 -2 8 6 -2 4 2 1 15 3 -2 14 4 -2 12 5 -2 9 6 -2 5 1 -2 19 2 -2 18 3 -2 17 4
 -2 16 7 1 1 1 -2 24 2 -2 23 3 -2 20 5 -2 16 7 1 2 1 -2 30 2 -2 28 4 -2 20 5 -2
 17 7 1 3 1 -2 33 3 -2 29 4 -2 22 5 -2 18 7 1 4 2 -2 33 3 -2 32 4 -2 26 5 -2 19
 7 1 5 1 -2 38 2 -2 37 3 -2 34 6 -2 16 7 1 6 1 -2 44 2 -2 41 4 -2 34 6 -2 17 7 1
 7 1 -2 47 3 -2 43 4 -2 36 6 -2 18 7 1 8 2 -2 47 3 -2 46 4 -2 40 6 -2 19 7 1 9 1
 -2 49 2 -2 48 5 -2 34 6 -2 20 7 1 10 1 -2 50 3 -2 48 5 -2 35 6 -2 21 7 1 11 2 -2
 50 3 -2 49 5 -2 39 6 -2 25 7 1 12 1 -2 51 4 -2 48 5 -2 42 6 -2 27 7 1 13 2 -2
 51 4 -2 49 5 -2 45 6 -2 31 7 1 14 3 -2 51 4 -2 50 5 -2 47 6 -2 33 7 1 15
 1 7 7 8004 6 0 0 7 1 0
 1 -2 7 2 -2 6 3 -2 5 4 -2 4 5 -2 3 6 -2 2 7 1 1
 7 33 42 8011 5 0 1 6 0 0
 1 1 6 2 1 5 3 1 4 4 1 3 5 1 2 6 1 1 1 1 15 2 1 13 3 1 11 4 1 9 5 1 7 7 1 1 1 1
 23 2 1 20 3 1 18 4 1 16 6 1 7 7 1 2 1 1 28 2 1 25 3 1 24 5 1 17 6 1 8 7 1 3 1 1
 32 2 1 29 4 1 24 5 1 19 6 1 10 7 1 4 1 1 33 3 1 30 4 1 26 5 1 21 6 1 12 7 1 5 2
 1 33 3 1 31 4 1 27 5 1 22 6 1 14 7 1 6
 1 51 210 8053 4 0 0 7 1 0
 0 4 51 0 4 50 0 4 47 0 4 33 0 -2 15 0 4 51 0 -2 49 0 4 44 0 4 30 0 4 14 0 4 50
 0 -2 49 0 4 38 0 4 24 0 4 12 0 4 47 0 4 44 0 4 38 0 -2 19 0 4 9 0 4 33 0 4 30 0
 4 24 0 -2 19 0 4 5 0 -2 15 0 4 14 0 4 12 0 4 9 0 4 5 0 4 51 0 4 50 0 4 47 0 4
 33 0 -2 15 0 4 51 0 -2 48 0 4 41 0 4 28 0 4 13 0 4 50 0 -2 48 0 4 37 0 4 23 0 4
 11 0 4 47 0 4 41 0 4 37 0 -2 18 0 4 8 0 4 33 0 4 28 0 4 23 0 -2 18 0 4 4 0 -2
 15 0 4 13 0 4 11 0 4 8 0 4 4 0 -2 51 0 4 49 0 4 46 0 4 32 0 4 14 0 -2 51 0 4 48
 0 4 43 0 4 29 0 4 13 0 4 49 0 4 48 0 4 34 0 4 20 0 -2 10 0 4 46 0 4 43 0 4 34 0
 -2 17 0 4 7 0 4 32 0 4 29 0 4 20 0 -2 17 0 4 3 0 4 14 0 4 13 0 -2 10 0 4 7 0 4
 3 0 -2 50 0 4 49 0 4 40 0 4 26 0 4 12 0 -2 50 0 4 48 0 4 36 0 4 22 0 4 11 0 4
 49 0 4 48 0 4 34 0 4 20 0 -2 10 0 4 40 0 4 36 0 4 34 0 -2 16 0 4 6 0 4 26 0 4
 22 0 4 20 0 -2 16 0 4 2 0 4 12 0 4 11 0 -2 10 0 4 6 0 4 2 0 -2 47 0 4 45 0 4 39
 0 4 19 0 4 9 0 -2 47 0 4 42 0 4 35 0 4 18 0 4 8 0 4 45 0 4 42 0 -2 34 0 4 17 0
 4 7 0 4 39 0 4 35 0 -2 34 0 4 16 0 4 6 0 4 19 0 4 18 0 4 17 0 4 16 0 -2 1 0 4 9
 0 4 8 0 4 7 0 4 6 0 -2 1 0 -2 33 0 4 31 0 4 25 0 4 19 0 4 5 0 -2 33 0 4 27 0 4
 21 0 4 18 0 4 4 0 4 31 0 4 27 0 -2 20 0 4 17 0 4 3 0 4 25 0 4 21 0 -2 20 0 4 16
 0 4 2 0 4 19 0 4 18 0 4 17 0 4 16 0 -2 1 0 4 5 0 4 4 0 4 3 0 4 2 0 -2 1 0 1 15
 0 -2 14 0 -2 12 0 -2 9 0 -2 5 0 1 15 0 -2 13 0 -2 11 0 -2 8 0 -2 4 0 -2 14 0 -2
 13 0 1 10 0 -2 7 0 -2 3 0 -2 12 0 -2 11 0 1 10 0 -2 6 0 -2 2 0 -2 9 0 -2 8 0 -2
 7 0 -2 6 0 1 1 0 -2 5 0 -2 4 0 -2 3 0 -2 2 0 1 1
 1 7 7 8263 6 0 0 7 1 0
 1 1 7 2 1 6 3 1 5 4 1 4 5 1 3 6 1 2 7 -2 1
 0 0 0 0 0 0 0 0 0 0
 0 0 0 0 0 0 0 0 0 0
